   occupation matrix (subspace #           1 , spin            1 )
   0.02152  -0.00024   0.00851   0.00005  -0.00014   0.00008   0.00015
  -0.00024   0.05590   0.00007  -0.00038   0.00009   0.00014  -0.00008
   0.00851   0.00007   0.01713   0.00013  -0.00011  -0.00002   0.00007
   0.00005  -0.00038   0.00013   0.02838   0.00002  -0.00001   0.00020
  -0.00014   0.00009  -0.00011   0.00002   0.01719   0.00003  -0.00855
   0.00008   0.00014  -0.00002  -0.00001   0.00003   0.01056   0.00000
   0.00015  -0.00008   0.00007   0.00020  -0.00855   0.00000   0.02166
   occupation matrix (subspace #           2 , spin            1 )
   0.02183  -0.00089   0.00874  -0.00028   0.00027   0.00021  -0.00054
  -0.00089   0.05528  -0.00068   0.00084  -0.00015   0.00026   0.00023
   0.00874  -0.00068   0.01732   0.00001   0.00035  -0.00004  -0.00052
  -0.00028   0.00084   0.00001   0.02862  -0.00060   0.00006   0.00092
   0.00027  -0.00015   0.00035  -0.00060   0.01730  -0.00002  -0.00887
   0.00021   0.00026  -0.00004   0.00006  -0.00002   0.01050   0.00017
  -0.00054   0.00023  -0.00052   0.00092  -0.00887   0.00017   0.02191
   occupation matrix (subspace #           3 , spin            1 )
   0.02185   0.00041   0.00877  -0.00073   0.00057   0.00023  -0.00061
   0.00041   0.05558   0.00033   0.00103  -0.00033   0.00000   0.00041
   0.00877   0.00033   0.01735  -0.00035   0.00086   0.00001  -0.00057
  -0.00073   0.00103  -0.00035   0.02860   0.00035  -0.00000  -0.00073
   0.00057  -0.00033   0.00086   0.00035   0.01735   0.00001  -0.00877
   0.00023   0.00000   0.00001  -0.00000   0.00001   0.01050  -0.00023
  -0.00061   0.00041  -0.00057  -0.00073  -0.00877  -0.00023   0.02185
   occupation matrix (subspace #           4 , spin            1 )
   0.02156  -0.00017   0.00848  -0.00020   0.00008   0.00007  -0.00005
  -0.00017   0.05599  -0.00006   0.00021  -0.00006   0.00000   0.00017
   0.00848  -0.00006   0.01712  -0.00004   0.00010  -0.00003  -0.00008
  -0.00020   0.00021  -0.00004   0.02826  -0.00004   0.00000   0.00020
   0.00008  -0.00006   0.00010  -0.00004   0.01712   0.00003  -0.00848
   0.00007   0.00000  -0.00003   0.00000   0.00003   0.01064   0.00007
  -0.00005   0.00017  -0.00008   0.00020  -0.00848   0.00007   0.02156
   occupation matrix (subspace #           5 , spin            1 )
   0.02159   0.00139   0.00866  -0.00135   0.00106   0.00030  -0.00111
   0.00139   0.05456   0.00107   0.00138  -0.00100  -0.00025   0.00089
   0.00866   0.00107   0.01716  -0.00110   0.00092   0.00010  -0.00076
  -0.00135   0.00138  -0.00110   0.03187   0.00182   0.00028  -0.00096
   0.00106  -0.00100   0.00092   0.00182   0.01829  -0.00050  -0.01046
   0.00030  -0.00025   0.00010   0.00028  -0.00050   0.01037   0.00069
  -0.00111   0.00089  -0.00076  -0.00096  -0.01046   0.00069   0.02417
   occupation matrix (subspace #           6 , spin            1 )
   0.02159  -0.00139   0.00866  -0.00135  -0.00106   0.00030   0.00111
  -0.00139   0.05456  -0.00107  -0.00138  -0.00100   0.00025   0.00089
   0.00866  -0.00107   0.01716  -0.00110  -0.00092   0.00010   0.00076
  -0.00135  -0.00138  -0.00110   0.03187  -0.00182   0.00028   0.00096
  -0.00106  -0.00100  -0.00092  -0.00182   0.01829   0.00050  -0.01046
   0.00030   0.00025   0.00010   0.00028   0.00050   0.01037  -0.00069
   0.00111   0.00089   0.00076   0.00096  -0.01046  -0.00069   0.02417
   occupation matrix (subspace #           7 , spin            1 )
   0.02209   0.00079   0.00903  -0.00082   0.00004  -0.00001  -0.00009
   0.00079   0.05498   0.00047  -0.00027  -0.00047   0.00000   0.00079
   0.00903   0.00047   0.01743  -0.00053  -0.00040  -0.00009  -0.00004
  -0.00082  -0.00027  -0.00053   0.02905   0.00053  -0.00000  -0.00082
   0.00004  -0.00047  -0.00040   0.00053   0.01743  -0.00009  -0.00903
  -0.00001   0.00000  -0.00009  -0.00000  -0.00009   0.01028   0.00001
  -0.00009   0.00079  -0.00004  -0.00082  -0.00903   0.00001   0.02209
   occupation matrix (subspace #           8 , spin            1 )
   0.02209  -0.00079   0.00903  -0.00082  -0.00004  -0.00001   0.00009
  -0.00079   0.05498  -0.00047   0.00027  -0.00047  -0.00000   0.00079
   0.00903  -0.00047   0.01743  -0.00053   0.00040  -0.00009   0.00004
  -0.00082   0.00027  -0.00053   0.02905  -0.00053  -0.00000   0.00082
  -0.00004  -0.00047   0.00040  -0.00053   0.01743   0.00009  -0.00903
  -0.00001  -0.00000  -0.00009  -0.00000   0.00009   0.01028  -0.00001
   0.00009   0.00079   0.00004   0.00082  -0.00903  -0.00001   0.02209
   occupation matrix (subspace #           9 , spin            1 )
   0.02183   0.00089   0.00874  -0.00028  -0.00027   0.00021   0.00054
   0.00089   0.05528   0.00068  -0.00084  -0.00015  -0.00026   0.00023
   0.00874   0.00068   0.01732   0.00001  -0.00035  -0.00004   0.00052
  -0.00028  -0.00084   0.00001   0.02862   0.00060   0.00006  -0.00092
  -0.00027  -0.00015  -0.00035   0.00060   0.01730   0.00002  -0.00887
   0.00021  -0.00026  -0.00004   0.00006   0.00002   0.01050  -0.00017
   0.00054   0.00023   0.00052  -0.00092  -0.00887  -0.00017   0.02191
   occupation matrix (subspace #          10 , spin            1 )
   0.02152   0.00024   0.00851   0.00005   0.00014   0.00008  -0.00015
   0.00024   0.05590  -0.00007   0.00038   0.00009  -0.00014  -0.00008
   0.00851  -0.00007   0.01713   0.00013   0.00011  -0.00002  -0.00007
   0.00005   0.00038   0.00013   0.02838  -0.00002  -0.00001  -0.00020
   0.00014   0.00009   0.00011  -0.00002   0.01719  -0.00003  -0.00855
   0.00008  -0.00014  -0.00002  -0.00001  -0.00003   0.01056  -0.00000
  -0.00015  -0.00008  -0.00007  -0.00020  -0.00855  -0.00000   0.02166
   occupation matrix (subspace #          11 , spin            1 )
   0.02156   0.00017   0.00848  -0.00020  -0.00008   0.00007   0.00005
   0.00017   0.05599   0.00006  -0.00021  -0.00006  -0.00000   0.00017
   0.00848   0.00006   0.01712  -0.00004  -0.00010  -0.00003   0.00008
  -0.00020  -0.00021  -0.00004   0.02826   0.00004   0.00000  -0.00020
  -0.00008  -0.00006  -0.00010   0.00004   0.01712  -0.00003  -0.00848
   0.00007  -0.00000  -0.00003   0.00000  -0.00003   0.01064  -0.00007
   0.00005   0.00017   0.00008  -0.00020  -0.00848  -0.00007   0.02156
   occupation matrix (subspace #          12 , spin            1 )
   0.02185  -0.00041   0.00877  -0.00073  -0.00057   0.00023   0.00061
  -0.00041   0.05558  -0.00033  -0.00103  -0.00033  -0.00000   0.00041
   0.00877  -0.00033   0.01735  -0.00035  -0.00086   0.00001   0.00057
  -0.00073  -0.00103  -0.00035   0.02860  -0.00035  -0.00000   0.00073
  -0.00057  -0.00033  -0.00086  -0.00035   0.01735  -0.00001  -0.00877
   0.00023  -0.00000   0.00001  -0.00000  -0.00001   0.01050   0.00023
   0.00061   0.00041   0.00057   0.00073  -0.00877   0.00023   0.02185
   occupation matrix (subspace #          13 , spin            1 )
   0.02197   0.00085   0.00891   0.00101  -0.00048  -0.00009   0.00093
   0.00085   0.05598   0.00012  -0.00165   0.00012  -0.00000  -0.00085
   0.00891   0.00012   0.01753   0.00023  -0.00045   0.00008   0.00048
   0.00101  -0.00165   0.00023   0.02815   0.00023   0.00000  -0.00101
  -0.00048   0.00012  -0.00045   0.00023   0.01753  -0.00008  -0.00891
  -0.00009  -0.00000   0.00008   0.00000  -0.00008   0.01060  -0.00009
   0.00093  -0.00085   0.00048  -0.00101  -0.00891  -0.00009   0.02197
   occupation matrix (subspace #          14 , spin            1 )
   0.02306   0.00244   0.00968  -0.00286   0.00028   0.00022  -0.00075
   0.00244   0.05490   0.00084   0.00107  -0.00084  -0.00000   0.00244
   0.00968   0.00084   0.01828  -0.00110  -0.00049  -0.00020  -0.00028
  -0.00286   0.00107  -0.00110   0.02800   0.00110  -0.00000  -0.00286
   0.00028  -0.00084  -0.00049   0.00110   0.01828  -0.00020  -0.00968
   0.00022  -0.00000  -0.00020  -0.00000  -0.00020   0.01064  -0.00022
  -0.00075   0.00244  -0.00028  -0.00286  -0.00968  -0.00022   0.02306
   occupation matrix (subspace #          15 , spin            1 )
   0.02191  -0.00023   0.00887  -0.00092   0.00052   0.00017  -0.00054
  -0.00023   0.05528  -0.00015   0.00084  -0.00068  -0.00026   0.00089
   0.00887  -0.00015   0.01730  -0.00060   0.00035   0.00002  -0.00027
  -0.00092   0.00084  -0.00060   0.02862   0.00001  -0.00006   0.00028
   0.00052  -0.00068   0.00035   0.00001   0.01732   0.00004  -0.00874
   0.00017  -0.00026   0.00002  -0.00006   0.00004   0.01050   0.00021
  -0.00054   0.00089  -0.00027   0.00028  -0.00874   0.00021   0.02183
   occupation matrix (subspace #          16 , spin            1 )
   0.02166  -0.00008   0.00855   0.00020  -0.00007  -0.00000   0.00015
  -0.00008   0.05590  -0.00009  -0.00038  -0.00007  -0.00014  -0.00024
   0.00855  -0.00009   0.01719  -0.00002  -0.00011   0.00003   0.00014
   0.00020  -0.00038  -0.00002   0.02838  -0.00013   0.00001   0.00005
  -0.00007  -0.00007  -0.00011  -0.00013   0.01713  -0.00002  -0.00851
  -0.00000  -0.00014   0.00003   0.00001  -0.00002   0.01056  -0.00008
   0.00015  -0.00024   0.00014   0.00005  -0.00851  -0.00008   0.02152
   occupation matrix (subspace #          17 , spin            1 )
   0.02222   0.00301   0.00626   0.00383  -0.00249  -0.00093  -0.00055
   0.00301   0.04917   0.00193  -0.00285   0.00193   0.00000  -0.00301
   0.00626   0.00193   0.01830   0.00044  -0.00220  -0.00169   0.00249
   0.00383  -0.00285   0.00044   0.02692   0.00044  -0.00000  -0.00383
  -0.00249   0.00193  -0.00220   0.00044   0.01830   0.00169  -0.00626
  -0.00093   0.00000  -0.00169  -0.00000   0.00169   0.01332  -0.00092
  -0.00055  -0.00301   0.00249  -0.00383  -0.00626  -0.00092   0.02222
   occupation matrix (subspace #          18 , spin            1 )
   0.02222  -0.00301   0.00626   0.00383   0.00249  -0.00093   0.00055
  -0.00301   0.04917  -0.00193   0.00285   0.00193  -0.00000  -0.00301
   0.00626  -0.00193   0.01830   0.00044   0.00220  -0.00169  -0.00249
   0.00383   0.00285   0.00044   0.02692  -0.00044  -0.00000   0.00383
   0.00249   0.00193   0.00220  -0.00044   0.01830  -0.00169  -0.00626
  -0.00093  -0.00000  -0.00169  -0.00000  -0.00169   0.01332   0.00092
   0.00055  -0.00301  -0.00249   0.00383  -0.00626   0.00092   0.02222
   occupation matrix (subspace #          19 , spin            1 )
   0.02417  -0.00089   0.01046  -0.00096  -0.00076  -0.00069   0.00111
  -0.00089   0.05456  -0.00100  -0.00138  -0.00107  -0.00025   0.00138
   0.01046  -0.00100   0.01829  -0.00182  -0.00092  -0.00050   0.00106
  -0.00096  -0.00138  -0.00182   0.03186  -0.00110  -0.00028   0.00135
  -0.00076  -0.00107  -0.00092  -0.00110   0.01716  -0.00010  -0.00866
  -0.00069  -0.00025  -0.00050  -0.00028  -0.00010   0.01037   0.00030
   0.00111   0.00138   0.00106   0.00135  -0.00866   0.00030   0.02159
   occupation matrix (subspace #          20 , spin            1 )
   0.02417   0.00089   0.01046  -0.00096   0.00076  -0.00069  -0.00111
   0.00089   0.05456   0.00100   0.00138  -0.00107   0.00025   0.00138
   0.01046   0.00100   0.01829  -0.00182   0.00092  -0.00050  -0.00106
  -0.00096   0.00138  -0.00182   0.03186   0.00110  -0.00028  -0.00135
   0.00076  -0.00107   0.00092   0.00110   0.01716   0.00010  -0.00866
  -0.00069   0.00025  -0.00050  -0.00028   0.00010   0.01037  -0.00030
  -0.00111   0.00138  -0.00106  -0.00135  -0.00866  -0.00030   0.02159
   occupation matrix (subspace #          21 , spin            1 )
   0.02306  -0.00244   0.00968  -0.00286  -0.00028   0.00022   0.00075
  -0.00244   0.05490  -0.00084  -0.00107  -0.00084   0.00000   0.00244
   0.00968  -0.00084   0.01828  -0.00110   0.00049  -0.00020   0.00028
  -0.00286  -0.00107  -0.00110   0.02800  -0.00110  -0.00000   0.00286
  -0.00028  -0.00084   0.00049  -0.00110   0.01828   0.00020  -0.00968
   0.00022   0.00000  -0.00020  -0.00000   0.00020   0.01064   0.00022
   0.00075   0.00244   0.00028   0.00286  -0.00968   0.00022   0.02306
   occupation matrix (subspace #          22 , spin            1 )
   0.02197  -0.00085   0.00891   0.00101   0.00048  -0.00009  -0.00093
  -0.00085   0.05598  -0.00012   0.00165   0.00012   0.00000  -0.00085
   0.00891  -0.00012   0.01753   0.00023   0.00045   0.00008  -0.00048
   0.00101   0.00165   0.00023   0.02815  -0.00023   0.00000   0.00101
   0.00048   0.00012   0.00045  -0.00023   0.01753   0.00008  -0.00891
  -0.00009   0.00000   0.00008   0.00000   0.00008   0.01060   0.00009
  -0.00093  -0.00085  -0.00048   0.00101  -0.00891   0.00009   0.02197
   occupation matrix (subspace #          23 , spin            1 )
   0.02166   0.00008   0.00855   0.00020   0.00007  -0.00000  -0.00015
   0.00008   0.05590   0.00009   0.00038  -0.00007   0.00014  -0.00024
   0.00855   0.00009   0.01719  -0.00002   0.00011   0.00003  -0.00014
   0.00020   0.00038  -0.00002   0.02838   0.00013   0.00001  -0.00005
   0.00007  -0.00007   0.00011   0.00013   0.01713   0.00002  -0.00851
  -0.00000   0.00014   0.00003   0.00001   0.00002   0.01056   0.00008
  -0.00015  -0.00024  -0.00014  -0.00005  -0.00851   0.00008   0.02152
   occupation matrix (subspace #          24 , spin            1 )
   0.02191   0.00023   0.00887  -0.00092  -0.00052   0.00017   0.00054
   0.00023   0.05528   0.00015  -0.00084  -0.00068   0.00026   0.00089
   0.00887   0.00015   0.01730  -0.00060  -0.00035   0.00002   0.00027
  -0.00092  -0.00084  -0.00060   0.02862  -0.00001  -0.00006  -0.00028
  -0.00052  -0.00068  -0.00035  -0.00001   0.01732  -0.00004  -0.00874
   0.00017   0.00026   0.00002  -0.00006  -0.00004   0.01050  -0.00021
   0.00054   0.00089   0.00027  -0.00028  -0.00874  -0.00021   0.02183
   occupation matrix (subspace #          25 , spin            1 )
   0.02156   0.00017   0.00848   0.00020   0.00008  -0.00007  -0.00005
   0.00017   0.05599   0.00006   0.00021   0.00006   0.00000  -0.00017
   0.00848   0.00006   0.01712   0.00004   0.00010   0.00003  -0.00008
   0.00020   0.00021   0.00004   0.02826   0.00004   0.00000  -0.00020
   0.00008   0.00006   0.00010   0.00004   0.01712  -0.00003  -0.00848
  -0.00007   0.00000   0.00003   0.00000  -0.00003   0.01064  -0.00007
  -0.00005  -0.00017  -0.00008  -0.00020  -0.00848  -0.00007   0.02156
   occupation matrix (subspace #          26 , spin            1 )
   0.02185  -0.00041   0.00877   0.00073   0.00057  -0.00023  -0.00061
  -0.00041   0.05558  -0.00033   0.00103   0.00033   0.00000  -0.00041
   0.00877  -0.00033   0.01735   0.00035   0.00086  -0.00001  -0.00057
   0.00073   0.00103   0.00035   0.02860  -0.00035  -0.00000   0.00073
   0.00057   0.00033   0.00086  -0.00035   0.01735  -0.00001  -0.00877
  -0.00023   0.00000  -0.00001  -0.00000  -0.00001   0.01050   0.00023
  -0.00061  -0.00041  -0.00057   0.00073  -0.00877   0.00023   0.02185
   occupation matrix (subspace #          27 , spin            1 )
   0.02183   0.00089   0.00874   0.00028   0.00027  -0.00021  -0.00054
   0.00089   0.05528   0.00068   0.00084   0.00015   0.00026  -0.00023
   0.00874   0.00068   0.01732  -0.00001   0.00035   0.00004  -0.00052
   0.00028   0.00084  -0.00001   0.02862   0.00060   0.00006  -0.00092
   0.00027   0.00015   0.00035   0.00060   0.01730   0.00002  -0.00887
  -0.00021   0.00026   0.00004   0.00006   0.00002   0.01050  -0.00017
  -0.00054  -0.00023  -0.00052  -0.00092  -0.00887  -0.00017   0.02191
   occupation matrix (subspace #          28 , spin            1 )
   0.02152   0.00024   0.00851  -0.00005  -0.00014  -0.00008   0.00015
   0.00024   0.05590  -0.00007  -0.00038  -0.00009   0.00014   0.00008
   0.00851  -0.00007   0.01713  -0.00013  -0.00011   0.00002   0.00007
  -0.00005  -0.00038  -0.00013   0.02838  -0.00002  -0.00001  -0.00020
  -0.00014  -0.00009  -0.00011  -0.00002   0.01719  -0.00003  -0.00855
  -0.00008   0.00014   0.00002  -0.00001  -0.00003   0.01056  -0.00000
   0.00015   0.00008   0.00007  -0.00020  -0.00855  -0.00000   0.02166
   occupation matrix (subspace #          29 , spin            1 )
   0.02209   0.00079   0.00903   0.00082  -0.00004   0.00001   0.00009
   0.00079   0.05498   0.00047   0.00027   0.00047  -0.00000  -0.00079
   0.00903   0.00047   0.01743   0.00053   0.00040   0.00009   0.00004
   0.00082   0.00027   0.00053   0.02905   0.00053  -0.00000  -0.00082
  -0.00004   0.00047   0.00040   0.00053   0.01743  -0.00009  -0.00903
   0.00001  -0.00000   0.00009  -0.00000  -0.00009   0.01028   0.00001
   0.00009  -0.00079   0.00004  -0.00082  -0.00903   0.00001   0.02209
   occupation matrix (subspace #          30 , spin            1 )
   0.02209  -0.00079   0.00903   0.00082   0.00004   0.00001  -0.00009
  -0.00079   0.05498  -0.00047  -0.00027   0.00047   0.00000  -0.00079
   0.00903  -0.00047   0.01743   0.00053  -0.00040   0.00009  -0.00004
   0.00082  -0.00027   0.00053   0.02905  -0.00053  -0.00000   0.00082
   0.00004   0.00047  -0.00040  -0.00053   0.01743   0.00009  -0.00903
   0.00001   0.00000   0.00009  -0.00000   0.00009   0.01028  -0.00001
  -0.00009  -0.00079  -0.00004   0.00082  -0.00903  -0.00001   0.02209
   occupation matrix (subspace #          31 , spin            1 )
   0.02159   0.00139   0.00866   0.00135  -0.00106  -0.00030   0.00111
   0.00139   0.05456   0.00107  -0.00138   0.00100   0.00025  -0.00089
   0.00866   0.00107   0.01716   0.00110  -0.00092  -0.00010   0.00076
   0.00135  -0.00138   0.00110   0.03187   0.00182   0.00028  -0.00096
  -0.00106   0.00100  -0.00092   0.00182   0.01829  -0.00050  -0.01046
  -0.00030   0.00025  -0.00010   0.00028  -0.00050   0.01037   0.00069
   0.00111  -0.00089   0.00076  -0.00096  -0.01046   0.00069   0.02417
   occupation matrix (subspace #          32 , spin            1 )
   0.02159  -0.00139   0.00866   0.00135   0.00106  -0.00030  -0.00111
  -0.00139   0.05456  -0.00107   0.00138   0.00100  -0.00025  -0.00089
   0.00866  -0.00107   0.01716   0.00110   0.00092  -0.00010  -0.00076
   0.00135   0.00138   0.00110   0.03187  -0.00182   0.00028   0.00096
   0.00106   0.00100   0.00092  -0.00182   0.01829   0.00050  -0.01046
  -0.00030  -0.00025  -0.00010   0.00028   0.00050   0.01037  -0.00069
  -0.00111  -0.00089  -0.00076   0.00096  -0.01046  -0.00069   0.02417
   occupation matrix (subspace #          33 , spin            1 )
   0.02185   0.00041   0.00877   0.00073  -0.00057  -0.00023   0.00061
   0.00041   0.05558   0.00033  -0.00103   0.00033  -0.00000  -0.00041
   0.00877   0.00033   0.01735   0.00035  -0.00086  -0.00001   0.00057
   0.00073  -0.00103   0.00035   0.02860   0.00035  -0.00000  -0.00073
  -0.00057   0.00033  -0.00086   0.00035   0.01735   0.00001  -0.00877
  -0.00023  -0.00000  -0.00001  -0.00000   0.00001   0.01050  -0.00023
   0.00061  -0.00041   0.00057  -0.00073  -0.00877  -0.00023   0.02185
   occupation matrix (subspace #          34 , spin            1 )
   0.02156  -0.00017   0.00848   0.00020  -0.00008  -0.00007   0.00005
  -0.00017   0.05599  -0.00006  -0.00021   0.00006  -0.00000  -0.00017
   0.00848  -0.00006   0.01712   0.00004  -0.00010   0.00003   0.00008
   0.00020  -0.00021   0.00004   0.02826  -0.00004   0.00000   0.00020
  -0.00008   0.00006  -0.00010  -0.00004   0.01712   0.00003  -0.00848
  -0.00007  -0.00000   0.00003   0.00000   0.00003   0.01064   0.00007
   0.00005  -0.00017   0.00008   0.00020  -0.00848   0.00007   0.02156
   occupation matrix (subspace #          35 , spin            1 )
   0.02152  -0.00024   0.00851  -0.00005   0.00014  -0.00008  -0.00015
  -0.00024   0.05590   0.00007   0.00038  -0.00009  -0.00014   0.00008
   0.00851   0.00007   0.01713  -0.00013   0.00011   0.00002  -0.00007
  -0.00005   0.00038  -0.00013   0.02838   0.00002  -0.00001   0.00020
   0.00014  -0.00009   0.00011   0.00002   0.01719   0.00003  -0.00855
  -0.00008  -0.00014   0.00002  -0.00001   0.00003   0.01056   0.00000
  -0.00015   0.00008  -0.00007   0.00020  -0.00855   0.00000   0.02166
   occupation matrix (subspace #          36 , spin            1 )
   0.02183  -0.00089   0.00874   0.00028  -0.00027  -0.00021   0.00054
  -0.00089   0.05528  -0.00068  -0.00084   0.00015  -0.00026  -0.00023
   0.00874  -0.00068   0.01732  -0.00001  -0.00035   0.00004   0.00052
   0.00028  -0.00084  -0.00001   0.02862  -0.00060   0.00006   0.00092
  -0.00027   0.00015  -0.00035  -0.00060   0.01730  -0.00002  -0.00887
  -0.00021  -0.00026   0.00004   0.00006  -0.00002   0.01050   0.00017
   0.00054  -0.00023   0.00052   0.00092  -0.00887   0.00017   0.02191
   occupation matrix (subspace #          37 , spin            1 )
   0.02166   0.00008   0.00855  -0.00020  -0.00007   0.00000   0.00015
   0.00008   0.05590   0.00009  -0.00038   0.00007  -0.00014   0.00024
   0.00855   0.00009   0.01719   0.00002  -0.00011  -0.00003   0.00014
  -0.00020  -0.00038   0.00002   0.02838   0.00013   0.00001  -0.00005
  -0.00007   0.00007  -0.00011   0.00013   0.01713   0.00002  -0.00851
   0.00000  -0.00014  -0.00003   0.00001   0.00002   0.01056   0.00008
   0.00015   0.00024   0.00014  -0.00005  -0.00851   0.00008   0.02152
   occupation matrix (subspace #          38 , spin            1 )
   0.02191   0.00023   0.00887   0.00092   0.00052  -0.00017  -0.00054
   0.00023   0.05528   0.00015   0.00084   0.00068  -0.00026  -0.00089
   0.00887   0.00015   0.01730   0.00060   0.00035  -0.00002  -0.00027
   0.00092   0.00084   0.00060   0.02862  -0.00001  -0.00006  -0.00028
   0.00052   0.00068   0.00035  -0.00001   0.01732  -0.00004  -0.00874
  -0.00017  -0.00026  -0.00002  -0.00006  -0.00004   0.01050  -0.00021
  -0.00054  -0.00089  -0.00027  -0.00028  -0.00874  -0.00021   0.02183
   occupation matrix (subspace #          39 , spin            1 )
   0.02306  -0.00244   0.00968   0.00286   0.00028  -0.00022  -0.00075
  -0.00244   0.05490  -0.00084   0.00107   0.00084  -0.00000  -0.00244
   0.00968  -0.00084   0.01828   0.00110  -0.00049   0.00020  -0.00028
   0.00286   0.00107   0.00110   0.02800  -0.00110  -0.00000   0.00286
   0.00028   0.00084  -0.00049  -0.00110   0.01828   0.00020  -0.00968
  -0.00022  -0.00000   0.00020  -0.00000   0.00020   0.01064   0.00022
  -0.00075  -0.00244  -0.00028   0.00286  -0.00968   0.00022   0.02306
   occupation matrix (subspace #          40 , spin            1 )
   0.02197  -0.00085   0.00891  -0.00101  -0.00048   0.00009   0.00093
  -0.00085   0.05598  -0.00012  -0.00165  -0.00012  -0.00000   0.00085
   0.00891  -0.00012   0.01753  -0.00023  -0.00045  -0.00008   0.00048
  -0.00101  -0.00165  -0.00023   0.02815  -0.00023   0.00000   0.00101
  -0.00048  -0.00012  -0.00045  -0.00023   0.01753   0.00008  -0.00891
   0.00009  -0.00000  -0.00008   0.00000   0.00008   0.01060   0.00009
   0.00093   0.00085   0.00048   0.00101  -0.00891   0.00009   0.02197
   occupation matrix (subspace #          41 , spin            1 )
   0.02417  -0.00089   0.01046   0.00096   0.00076   0.00069  -0.00111
  -0.00089   0.05456  -0.00100   0.00138   0.00107   0.00025  -0.00138
   0.01046  -0.00100   0.01829   0.00182   0.00092   0.00050  -0.00106
   0.00096   0.00138   0.00182   0.03186  -0.00110  -0.00028   0.00135
   0.00076   0.00107   0.00092  -0.00110   0.01716  -0.00010  -0.00866
   0.00069   0.00025   0.00050  -0.00028  -0.00010   0.01037   0.00030
  -0.00111  -0.00138  -0.00106   0.00135  -0.00866   0.00030   0.02159
   occupation matrix (subspace #          42 , spin            1 )
   0.02417   0.00089   0.01046   0.00096  -0.00076   0.00069   0.00111
   0.00089   0.05456   0.00100  -0.00138   0.00107  -0.00025  -0.00138
   0.01046   0.00100   0.01829   0.00182  -0.00092   0.00050   0.00106
   0.00096  -0.00138   0.00182   0.03186   0.00110  -0.00028  -0.00135
  -0.00076   0.00107  -0.00092   0.00110   0.01716   0.00010  -0.00866
   0.00069  -0.00025   0.00050  -0.00028   0.00010   0.01037  -0.00030
   0.00111  -0.00138   0.00106  -0.00135  -0.00866  -0.00030   0.02159
   occupation matrix (subspace #          43 , spin            1 )
   0.02222   0.00301   0.00626  -0.00383   0.00249   0.00093   0.00055
   0.00301   0.04917   0.00193   0.00285  -0.00193  -0.00000   0.00301
   0.00626   0.00193   0.01830  -0.00044   0.00220   0.00169  -0.00249
  -0.00383   0.00285  -0.00044   0.02692   0.00044  -0.00000  -0.00383
   0.00249  -0.00193   0.00220   0.00044   0.01830   0.00169  -0.00626
   0.00093  -0.00000   0.00169  -0.00000   0.00169   0.01332  -0.00092
   0.00055   0.00301  -0.00249  -0.00383  -0.00626  -0.00092   0.02222
   occupation matrix (subspace #          44 , spin            1 )
   0.02222  -0.00301   0.00626  -0.00383  -0.00249   0.00093  -0.00055
  -0.00301   0.04917  -0.00193  -0.00285  -0.00193   0.00000   0.00301
   0.00626  -0.00193   0.01830  -0.00044  -0.00220   0.00169   0.00249
  -0.00383  -0.00285  -0.00044   0.02692  -0.00044  -0.00000   0.00383
  -0.00249  -0.00193  -0.00220  -0.00044   0.01830  -0.00169  -0.00626
   0.00093   0.00000   0.00169  -0.00000  -0.00169   0.01332   0.00092
  -0.00055   0.00301   0.00249   0.00383  -0.00626   0.00092   0.02222
   occupation matrix (subspace #          45 , spin            1 )
   0.02191  -0.00023   0.00887   0.00092  -0.00052  -0.00017   0.00054
  -0.00023   0.05528  -0.00015  -0.00084   0.00068   0.00026  -0.00089
   0.00887  -0.00015   0.01730   0.00060  -0.00035  -0.00002   0.00027
   0.00092  -0.00084   0.00060   0.02862   0.00001  -0.00006   0.00028
  -0.00052   0.00068  -0.00035   0.00001   0.01732   0.00004  -0.00874
  -0.00017   0.00026  -0.00002  -0.00006   0.00004   0.01050   0.00021
   0.00054  -0.00089   0.00027   0.00028  -0.00874   0.00021   0.02183
   occupation matrix (subspace #          46 , spin            1 )
   0.02166  -0.00008   0.00855  -0.00020   0.00007   0.00000  -0.00015
  -0.00008   0.05590  -0.00009   0.00038   0.00007   0.00014   0.00024
   0.00855  -0.00009   0.01719   0.00002   0.00011  -0.00003  -0.00014
  -0.00020   0.00038   0.00002   0.02838  -0.00013   0.00001   0.00005
   0.00007   0.00007   0.00011  -0.00013   0.01713  -0.00002  -0.00851
   0.00000   0.00014  -0.00003   0.00001  -0.00002   0.01056  -0.00008
  -0.00015   0.00024  -0.00014   0.00005  -0.00851  -0.00008   0.02152
   occupation matrix (subspace #          47 , spin            1 )
   0.02197   0.00085   0.00891  -0.00101   0.00048   0.00009  -0.00093
   0.00085   0.05598   0.00012   0.00165  -0.00012   0.00000   0.00085
   0.00891   0.00012   0.01753  -0.00023   0.00045  -0.00008  -0.00048
  -0.00101   0.00165  -0.00023   0.02815   0.00023   0.00000  -0.00101
   0.00048  -0.00012   0.00045   0.00023   0.01753  -0.00008  -0.00891
   0.00009   0.00000  -0.00008   0.00000  -0.00008   0.01060  -0.00009
  -0.00093   0.00085  -0.00048  -0.00101  -0.00891  -0.00009   0.02197
   occupation matrix (subspace #          48 , spin            1 )
   0.02306   0.00244   0.00968   0.00286  -0.00028  -0.00022   0.00075
   0.00244   0.05490   0.00084  -0.00107   0.00084   0.00000  -0.00244
   0.00968   0.00084   0.01828   0.00110   0.00049   0.00020   0.00028
   0.00286  -0.00107   0.00110   0.02800   0.00110  -0.00000  -0.00286
  -0.00028   0.00084   0.00049   0.00110   0.01828  -0.00020  -0.00968
  -0.00022   0.00000   0.00020  -0.00000  -0.00020   0.01064  -0.00022
   0.00075  -0.00244   0.00028  -0.00286  -0.00968  -0.00022   0.02306
