   occupation matrix (subspace #           1 , spin            1 )
   0.02073   0.00000   0.00760  -0.00000  -0.00000   0.00000   0.00000
   0.00000   0.05702   0.00000  -0.00000  -0.00000  -0.00000  -0.00000
   0.00760   0.00000   0.01680   0.00000   0.00000  -0.00000   0.00000
  -0.00000  -0.00000   0.00000   0.02661   0.00000   0.00000  -0.00000
  -0.00000  -0.00000   0.00000   0.00000   0.01680   0.00000  -0.00760
   0.00000  -0.00000  -0.00000   0.00000   0.00000   0.01092   0.00000
   0.00000  -0.00000   0.00000  -0.00000  -0.00760   0.00000   0.02073
   occupation matrix (subspace #           2 , spin            1 )
   0.02073   0.00000   0.00760  -0.00000  -0.00000   0.00000   0.00000
   0.00000   0.05702   0.00000  -0.00000  -0.00000  -0.00000  -0.00000
   0.00760   0.00000   0.01680   0.00000   0.00000  -0.00000   0.00000
  -0.00000  -0.00000   0.00000   0.02661   0.00000   0.00000  -0.00000
  -0.00000  -0.00000   0.00000   0.00000   0.01680   0.00000  -0.00760
   0.00000  -0.00000  -0.00000   0.00000   0.00000   0.01092   0.00000
   0.00000  -0.00000   0.00000  -0.00000  -0.00760   0.00000   0.02073
   occupation matrix (subspace #           3 , spin            1 )
   0.02073   0.00000   0.00760  -0.00000  -0.00000   0.00000   0.00000
   0.00000   0.05702   0.00000  -0.00000  -0.00000  -0.00000  -0.00000
   0.00760   0.00000   0.01680   0.00000   0.00000  -0.00000   0.00000
  -0.00000  -0.00000   0.00000   0.02661   0.00000   0.00000  -0.00000
  -0.00000  -0.00000   0.00000   0.00000   0.01680   0.00000  -0.00760
   0.00000  -0.00000  -0.00000   0.00000   0.00000   0.01092   0.00000
   0.00000  -0.00000   0.00000  -0.00000  -0.00760   0.00000   0.02073
   occupation matrix (subspace #           4 , spin            1 )
   0.02073   0.00000   0.00760  -0.00000  -0.00000   0.00000   0.00000
   0.00000   0.05702   0.00000  -0.00000  -0.00000  -0.00000  -0.00000
   0.00760   0.00000   0.01680   0.00000   0.00000  -0.00000   0.00000
  -0.00000  -0.00000   0.00000   0.02661   0.00000   0.00000  -0.00000
  -0.00000  -0.00000   0.00000   0.00000   0.01680   0.00000  -0.00760
   0.00000  -0.00000  -0.00000   0.00000   0.00000   0.01092   0.00000
   0.00000  -0.00000   0.00000  -0.00000  -0.00760   0.00000   0.02073
   occupation matrix (subspace #           5 , spin            1 )
   0.02073   0.00000   0.00760  -0.00000  -0.00000   0.00000   0.00000
   0.00000   0.05702   0.00000  -0.00000  -0.00000  -0.00000  -0.00000
   0.00760   0.00000   0.01680   0.00000   0.00000  -0.00000   0.00000
  -0.00000  -0.00000   0.00000   0.02661   0.00000   0.00000  -0.00000
  -0.00000  -0.00000   0.00000   0.00000   0.01680   0.00000  -0.00760
   0.00000  -0.00000  -0.00000   0.00000   0.00000   0.01092   0.00000
   0.00000  -0.00000   0.00000  -0.00000  -0.00760   0.00000   0.02073
   occupation matrix (subspace #           6 , spin            1 )
   0.02073   0.00000   0.00760  -0.00000  -0.00000   0.00000   0.00000
   0.00000   0.05702   0.00000  -0.00000  -0.00000  -0.00000  -0.00000
   0.00760   0.00000   0.01680   0.00000   0.00000  -0.00000   0.00000
  -0.00000  -0.00000   0.00000   0.02661   0.00000   0.00000  -0.00000
  -0.00000  -0.00000   0.00000   0.00000   0.01680   0.00000  -0.00760
   0.00000  -0.00000  -0.00000   0.00000   0.00000   0.01092   0.00000
   0.00000  -0.00000   0.00000  -0.00000  -0.00760   0.00000   0.02073
   occupation matrix (subspace #           7 , spin            1 )
   0.02073   0.00000   0.00760  -0.00000  -0.00000   0.00000   0.00000
   0.00000   0.05702   0.00000  -0.00000  -0.00000  -0.00000  -0.00000
   0.00760   0.00000   0.01680   0.00000   0.00000  -0.00000   0.00000
  -0.00000  -0.00000   0.00000   0.02661   0.00000   0.00000  -0.00000
  -0.00000  -0.00000   0.00000   0.00000   0.01680   0.00000  -0.00760
   0.00000  -0.00000  -0.00000   0.00000   0.00000   0.01092   0.00000
   0.00000  -0.00000   0.00000  -0.00000  -0.00760   0.00000   0.02073
   occupation matrix (subspace #           8 , spin            1 )
   0.02073   0.00000   0.00760  -0.00000  -0.00000   0.00000   0.00000
   0.00000   0.05702   0.00000  -0.00000  -0.00000  -0.00000  -0.00000
   0.00760   0.00000   0.01680   0.00000   0.00000  -0.00000   0.00000
  -0.00000  -0.00000   0.00000   0.02661   0.00000   0.00000  -0.00000
  -0.00000  -0.00000   0.00000   0.00000   0.01680   0.00000  -0.00760
   0.00000  -0.00000  -0.00000   0.00000   0.00000   0.01092   0.00000
   0.00000  -0.00000   0.00000  -0.00000  -0.00760   0.00000   0.02073
   occupation matrix (subspace #           9 , spin            1 )
   0.02073   0.00000   0.00760  -0.00000  -0.00000   0.00000   0.00000
   0.00000   0.05702   0.00000  -0.00000  -0.00000  -0.00000  -0.00000
   0.00760   0.00000   0.01680   0.00000   0.00000  -0.00000   0.00000
  -0.00000  -0.00000   0.00000   0.02661   0.00000   0.00000  -0.00000
  -0.00000  -0.00000   0.00000   0.00000   0.01680   0.00000  -0.00760
   0.00000  -0.00000  -0.00000   0.00000   0.00000   0.01092   0.00000
   0.00000  -0.00000   0.00000  -0.00000  -0.00760   0.00000   0.02073
   occupation matrix (subspace #          10 , spin            1 )
   0.02073   0.00000   0.00760  -0.00000  -0.00000   0.00000   0.00000
   0.00000   0.05702   0.00000  -0.00000  -0.00000  -0.00000  -0.00000
   0.00760   0.00000   0.01680   0.00000   0.00000  -0.00000   0.00000
  -0.00000  -0.00000   0.00000   0.02661   0.00000   0.00000  -0.00000
  -0.00000  -0.00000   0.00000   0.00000   0.01680   0.00000  -0.00760
   0.00000  -0.00000  -0.00000   0.00000   0.00000   0.01092   0.00000
   0.00000  -0.00000   0.00000  -0.00000  -0.00760   0.00000   0.02073
   occupation matrix (subspace #          11 , spin            1 )
   0.02073   0.00000   0.00760  -0.00000  -0.00000   0.00000   0.00000
   0.00000   0.05702   0.00000  -0.00000  -0.00000  -0.00000  -0.00000
   0.00760   0.00000   0.01680   0.00000   0.00000  -0.00000   0.00000
  -0.00000  -0.00000   0.00000   0.02661   0.00000   0.00000  -0.00000
  -0.00000  -0.00000   0.00000   0.00000   0.01680   0.00000  -0.00760
   0.00000  -0.00000  -0.00000   0.00000   0.00000   0.01092   0.00000
   0.00000  -0.00000   0.00000  -0.00000  -0.00760   0.00000   0.02073
   occupation matrix (subspace #          12 , spin            1 )
   0.02073   0.00000   0.00760  -0.00000  -0.00000   0.00000   0.00000
   0.00000   0.05702   0.00000  -0.00000  -0.00000  -0.00000  -0.00000
   0.00760   0.00000   0.01680   0.00000   0.00000  -0.00000   0.00000
  -0.00000  -0.00000   0.00000   0.02661   0.00000   0.00000  -0.00000
  -0.00000  -0.00000   0.00000   0.00000   0.01680   0.00000  -0.00760
   0.00000  -0.00000  -0.00000   0.00000   0.00000   0.01092   0.00000
   0.00000  -0.00000   0.00000  -0.00000  -0.00760   0.00000   0.02073
   occupation matrix (subspace #          13 , spin            1 )
   0.02073   0.00000   0.00760  -0.00000  -0.00000   0.00000   0.00000
   0.00000   0.05702   0.00000  -0.00000  -0.00000  -0.00000  -0.00000
   0.00760   0.00000   0.01680   0.00000   0.00000  -0.00000   0.00000
  -0.00000  -0.00000   0.00000   0.02661   0.00000   0.00000  -0.00000
  -0.00000  -0.00000   0.00000   0.00000   0.01680   0.00000  -0.00760
   0.00000  -0.00000  -0.00000   0.00000   0.00000   0.01092   0.00000
   0.00000  -0.00000   0.00000  -0.00000  -0.00760   0.00000   0.02073
   occupation matrix (subspace #          14 , spin            1 )
   0.02073   0.00000   0.00760  -0.00000  -0.00000   0.00000   0.00000
   0.00000   0.05702   0.00000  -0.00000  -0.00000  -0.00000  -0.00000
   0.00760   0.00000   0.01680   0.00000   0.00000  -0.00000   0.00000
  -0.00000  -0.00000   0.00000   0.02661   0.00000   0.00000  -0.00000
  -0.00000  -0.00000   0.00000   0.00000   0.01680   0.00000  -0.00760
   0.00000  -0.00000  -0.00000   0.00000   0.00000   0.01092   0.00000
   0.00000  -0.00000   0.00000  -0.00000  -0.00760   0.00000   0.02073
   occupation matrix (subspace #          15 , spin            1 )
   0.02073   0.00000   0.00760  -0.00000  -0.00000   0.00000   0.00000
   0.00000   0.05702   0.00000  -0.00000  -0.00000  -0.00000  -0.00000
   0.00760   0.00000   0.01680   0.00000   0.00000  -0.00000   0.00000
  -0.00000  -0.00000   0.00000   0.02661   0.00000   0.00000  -0.00000
  -0.00000  -0.00000   0.00000   0.00000   0.01680   0.00000  -0.00760
   0.00000  -0.00000  -0.00000   0.00000   0.00000   0.01092   0.00000
   0.00000  -0.00000   0.00000  -0.00000  -0.00760   0.00000   0.02073
   occupation matrix (subspace #          16 , spin            1 )
   0.02073   0.00000   0.00760  -0.00000  -0.00000   0.00000   0.00000
   0.00000   0.05702   0.00000  -0.00000  -0.00000  -0.00000  -0.00000
   0.00760   0.00000   0.01680   0.00000   0.00000  -0.00000   0.00000
  -0.00000  -0.00000   0.00000   0.02661   0.00000   0.00000  -0.00000
  -0.00000  -0.00000   0.00000   0.00000   0.01680   0.00000  -0.00760
   0.00000  -0.00000  -0.00000   0.00000   0.00000   0.01092   0.00000
   0.00000  -0.00000   0.00000  -0.00000  -0.00760   0.00000   0.02073
   occupation matrix (subspace #          17 , spin            1 )
   0.02073   0.00000   0.00760  -0.00000  -0.00000   0.00000   0.00000
   0.00000   0.05702   0.00000  -0.00000  -0.00000  -0.00000  -0.00000
   0.00760   0.00000   0.01680   0.00000   0.00000  -0.00000   0.00000
  -0.00000  -0.00000   0.00000   0.02661   0.00000   0.00000  -0.00000
  -0.00000  -0.00000   0.00000   0.00000   0.01680   0.00000  -0.00760
   0.00000  -0.00000  -0.00000   0.00000   0.00000   0.01092   0.00000
   0.00000  -0.00000   0.00000  -0.00000  -0.00760   0.00000   0.02073
   occupation matrix (subspace #          18 , spin            1 )
   0.02073   0.00000   0.00760  -0.00000  -0.00000   0.00000   0.00000
   0.00000   0.05702   0.00000  -0.00000  -0.00000  -0.00000  -0.00000
   0.00760   0.00000   0.01680   0.00000   0.00000  -0.00000   0.00000
  -0.00000  -0.00000   0.00000   0.02661   0.00000   0.00000  -0.00000
  -0.00000  -0.00000   0.00000   0.00000   0.01680   0.00000  -0.00760
   0.00000  -0.00000  -0.00000   0.00000   0.00000   0.01092   0.00000
   0.00000  -0.00000   0.00000  -0.00000  -0.00760   0.00000   0.02073
   occupation matrix (subspace #          19 , spin            1 )
   0.02073   0.00000   0.00760  -0.00000  -0.00000   0.00000   0.00000
   0.00000   0.05702   0.00000  -0.00000  -0.00000  -0.00000  -0.00000
   0.00760   0.00000   0.01680   0.00000   0.00000  -0.00000   0.00000
  -0.00000  -0.00000   0.00000   0.02661   0.00000   0.00000  -0.00000
  -0.00000  -0.00000   0.00000   0.00000   0.01680   0.00000  -0.00760
   0.00000  -0.00000  -0.00000   0.00000   0.00000   0.01092   0.00000
   0.00000  -0.00000   0.00000  -0.00000  -0.00760   0.00000   0.02073
   occupation matrix (subspace #          20 , spin            1 )
   0.02073   0.00000   0.00760  -0.00000  -0.00000   0.00000   0.00000
   0.00000   0.05702   0.00000  -0.00000  -0.00000  -0.00000  -0.00000
   0.00760   0.00000   0.01680   0.00000   0.00000  -0.00000   0.00000
  -0.00000  -0.00000   0.00000   0.02661   0.00000   0.00000  -0.00000
  -0.00000  -0.00000   0.00000   0.00000   0.01680   0.00000  -0.00760
   0.00000  -0.00000  -0.00000   0.00000   0.00000   0.01092   0.00000
   0.00000  -0.00000   0.00000  -0.00000  -0.00760   0.00000   0.02073
   occupation matrix (subspace #          21 , spin            1 )
   0.02073   0.00000   0.00760  -0.00000  -0.00000   0.00000   0.00000
   0.00000   0.05702   0.00000  -0.00000  -0.00000  -0.00000  -0.00000
   0.00760   0.00000   0.01680   0.00000   0.00000  -0.00000   0.00000
  -0.00000  -0.00000   0.00000   0.02661   0.00000   0.00000  -0.00000
  -0.00000  -0.00000   0.00000   0.00000   0.01680   0.00000  -0.00760
   0.00000  -0.00000  -0.00000   0.00000   0.00000   0.01092   0.00000
   0.00000  -0.00000   0.00000  -0.00000  -0.00760   0.00000   0.02073
   occupation matrix (subspace #          22 , spin            1 )
   0.02073   0.00000   0.00760  -0.00000  -0.00000   0.00000   0.00000
   0.00000   0.05702   0.00000  -0.00000  -0.00000  -0.00000  -0.00000
   0.00760   0.00000   0.01680   0.00000   0.00000  -0.00000   0.00000
  -0.00000  -0.00000   0.00000   0.02661   0.00000   0.00000  -0.00000
  -0.00000  -0.00000   0.00000   0.00000   0.01680   0.00000  -0.00760
   0.00000  -0.00000  -0.00000   0.00000   0.00000   0.01092   0.00000
   0.00000  -0.00000   0.00000  -0.00000  -0.00760   0.00000   0.02073
   occupation matrix (subspace #          23 , spin            1 )
   0.02073   0.00000   0.00760  -0.00000  -0.00000   0.00000   0.00000
   0.00000   0.05702   0.00000  -0.00000  -0.00000  -0.00000  -0.00000
   0.00760   0.00000   0.01680   0.00000   0.00000  -0.00000   0.00000
  -0.00000  -0.00000   0.00000   0.02661   0.00000   0.00000  -0.00000
  -0.00000  -0.00000   0.00000   0.00000   0.01680   0.00000  -0.00760
   0.00000  -0.00000  -0.00000   0.00000   0.00000   0.01092   0.00000
   0.00000  -0.00000   0.00000  -0.00000  -0.00760   0.00000   0.02073
   occupation matrix (subspace #          24 , spin            1 )
   0.02073   0.00000   0.00760  -0.00000  -0.00000   0.00000   0.00000
   0.00000   0.05702   0.00000  -0.00000  -0.00000  -0.00000  -0.00000
   0.00760   0.00000   0.01680   0.00000   0.00000  -0.00000   0.00000
  -0.00000  -0.00000   0.00000   0.02661   0.00000   0.00000  -0.00000
  -0.00000  -0.00000   0.00000   0.00000   0.01680   0.00000  -0.00760
   0.00000  -0.00000  -0.00000   0.00000   0.00000   0.01092   0.00000
   0.00000  -0.00000   0.00000  -0.00000  -0.00760   0.00000   0.02073
   occupation matrix (subspace #          25 , spin            1 )
   0.02073   0.00000   0.00760  -0.00000  -0.00000   0.00000   0.00000
   0.00000   0.05702   0.00000  -0.00000  -0.00000  -0.00000  -0.00000
   0.00760   0.00000   0.01680   0.00000   0.00000  -0.00000   0.00000
  -0.00000  -0.00000   0.00000   0.02661   0.00000   0.00000  -0.00000
  -0.00000  -0.00000   0.00000   0.00000   0.01680   0.00000  -0.00760
   0.00000  -0.00000  -0.00000   0.00000   0.00000   0.01092   0.00000
   0.00000  -0.00000   0.00000  -0.00000  -0.00760   0.00000   0.02073
   occupation matrix (subspace #          26 , spin            1 )
   0.02073   0.00000   0.00760  -0.00000  -0.00000   0.00000   0.00000
   0.00000   0.05702   0.00000  -0.00000  -0.00000  -0.00000  -0.00000
   0.00760   0.00000   0.01680   0.00000   0.00000  -0.00000   0.00000
  -0.00000  -0.00000   0.00000   0.02661   0.00000   0.00000  -0.00000
  -0.00000  -0.00000   0.00000   0.00000   0.01680   0.00000  -0.00760
   0.00000  -0.00000  -0.00000   0.00000   0.00000   0.01092   0.00000
   0.00000  -0.00000   0.00000  -0.00000  -0.00760   0.00000   0.02073
   occupation matrix (subspace #          27 , spin            1 )
   0.02073   0.00000   0.00760  -0.00000  -0.00000   0.00000   0.00000
   0.00000   0.05702   0.00000  -0.00000  -0.00000  -0.00000  -0.00000
   0.00760   0.00000   0.01680   0.00000   0.00000  -0.00000   0.00000
  -0.00000  -0.00000   0.00000   0.02661   0.00000   0.00000  -0.00000
  -0.00000  -0.00000   0.00000   0.00000   0.01680   0.00000  -0.00760
   0.00000  -0.00000  -0.00000   0.00000   0.00000   0.01092   0.00000
   0.00000  -0.00000   0.00000  -0.00000  -0.00760   0.00000   0.02073
   occupation matrix (subspace #          28 , spin            1 )
   0.02073   0.00000   0.00760  -0.00000  -0.00000   0.00000   0.00000
   0.00000   0.05702   0.00000  -0.00000  -0.00000  -0.00000  -0.00000
   0.00760   0.00000   0.01680   0.00000   0.00000  -0.00000   0.00000
  -0.00000  -0.00000   0.00000   0.02661   0.00000   0.00000  -0.00000
  -0.00000  -0.00000   0.00000   0.00000   0.01680   0.00000  -0.00760
   0.00000  -0.00000  -0.00000   0.00000   0.00000   0.01092   0.00000
   0.00000  -0.00000   0.00000  -0.00000  -0.00760   0.00000   0.02073
   occupation matrix (subspace #          29 , spin            1 )
   0.02073   0.00000   0.00760  -0.00000  -0.00000   0.00000   0.00000
   0.00000   0.05702   0.00000  -0.00000  -0.00000  -0.00000  -0.00000
   0.00760   0.00000   0.01680   0.00000   0.00000  -0.00000   0.00000
  -0.00000  -0.00000   0.00000   0.02661   0.00000   0.00000  -0.00000
  -0.00000  -0.00000   0.00000   0.00000   0.01680   0.00000  -0.00760
   0.00000  -0.00000  -0.00000   0.00000   0.00000   0.01092   0.00000
   0.00000  -0.00000   0.00000  -0.00000  -0.00760   0.00000   0.02073
   occupation matrix (subspace #          30 , spin            1 )
   0.02073   0.00000   0.00760  -0.00000  -0.00000   0.00000   0.00000
   0.00000   0.05702   0.00000  -0.00000  -0.00000  -0.00000  -0.00000
   0.00760   0.00000   0.01680   0.00000   0.00000  -0.00000   0.00000
  -0.00000  -0.00000   0.00000   0.02661   0.00000   0.00000  -0.00000
  -0.00000  -0.00000   0.00000   0.00000   0.01680   0.00000  -0.00760
   0.00000  -0.00000  -0.00000   0.00000   0.00000   0.01092   0.00000
   0.00000  -0.00000   0.00000  -0.00000  -0.00760   0.00000   0.02073
   occupation matrix (subspace #          31 , spin            1 )
   0.02073   0.00000   0.00760  -0.00000  -0.00000   0.00000   0.00000
   0.00000   0.05702   0.00000  -0.00000  -0.00000  -0.00000  -0.00000
   0.00760   0.00000   0.01680   0.00000   0.00000  -0.00000   0.00000
  -0.00000  -0.00000   0.00000   0.02661   0.00000   0.00000  -0.00000
  -0.00000  -0.00000   0.00000   0.00000   0.01680   0.00000  -0.00760
   0.00000  -0.00000  -0.00000   0.00000   0.00000   0.01092   0.00000
   0.00000  -0.00000   0.00000  -0.00000  -0.00760   0.00000   0.02073
   occupation matrix (subspace #          32 , spin            1 )
   0.02073   0.00000   0.00760  -0.00000  -0.00000   0.00000   0.00000
   0.00000   0.05702   0.00000  -0.00000  -0.00000  -0.00000  -0.00000
   0.00760   0.00000   0.01680   0.00000   0.00000  -0.00000   0.00000
  -0.00000  -0.00000   0.00000   0.02661   0.00000   0.00000  -0.00000
  -0.00000  -0.00000   0.00000   0.00000   0.01680   0.00000  -0.00760
   0.00000  -0.00000  -0.00000   0.00000   0.00000   0.01092   0.00000
   0.00000  -0.00000   0.00000  -0.00000  -0.00760   0.00000   0.02073
   occupation matrix (subspace #          33 , spin            1 )
   0.02073   0.00000   0.00760  -0.00000  -0.00000   0.00000   0.00000
   0.00000   0.05702   0.00000  -0.00000  -0.00000  -0.00000  -0.00000
   0.00760   0.00000   0.01680   0.00000   0.00000  -0.00000   0.00000
  -0.00000  -0.00000   0.00000   0.02661   0.00000   0.00000  -0.00000
  -0.00000  -0.00000   0.00000   0.00000   0.01680   0.00000  -0.00760
   0.00000  -0.00000  -0.00000   0.00000   0.00000   0.01092   0.00000
   0.00000  -0.00000   0.00000  -0.00000  -0.00760   0.00000   0.02073
   occupation matrix (subspace #          34 , spin            1 )
   0.02073   0.00000   0.00760  -0.00000  -0.00000   0.00000   0.00000
   0.00000   0.05702   0.00000  -0.00000  -0.00000  -0.00000  -0.00000
   0.00760   0.00000   0.01680   0.00000   0.00000  -0.00000   0.00000
  -0.00000  -0.00000   0.00000   0.02661   0.00000   0.00000  -0.00000
  -0.00000  -0.00000   0.00000   0.00000   0.01680   0.00000  -0.00760
   0.00000  -0.00000  -0.00000   0.00000   0.00000   0.01092   0.00000
   0.00000  -0.00000   0.00000  -0.00000  -0.00760   0.00000   0.02073
   occupation matrix (subspace #          35 , spin            1 )
   0.02073   0.00000   0.00760  -0.00000  -0.00000   0.00000   0.00000
   0.00000   0.05702   0.00000  -0.00000  -0.00000  -0.00000  -0.00000
   0.00760   0.00000   0.01680   0.00000   0.00000  -0.00000   0.00000
  -0.00000  -0.00000   0.00000   0.02661   0.00000   0.00000  -0.00000
  -0.00000  -0.00000   0.00000   0.00000   0.01680   0.00000  -0.00760
   0.00000  -0.00000  -0.00000   0.00000   0.00000   0.01092   0.00000
   0.00000  -0.00000   0.00000  -0.00000  -0.00760   0.00000   0.02073
   occupation matrix (subspace #          36 , spin            1 )
   0.02073   0.00000   0.00760  -0.00000  -0.00000   0.00000   0.00000
   0.00000   0.05702   0.00000  -0.00000  -0.00000  -0.00000  -0.00000
   0.00760   0.00000   0.01680   0.00000   0.00000  -0.00000   0.00000
  -0.00000  -0.00000   0.00000   0.02661   0.00000   0.00000  -0.00000
  -0.00000  -0.00000   0.00000   0.00000   0.01680   0.00000  -0.00760
   0.00000  -0.00000  -0.00000   0.00000   0.00000   0.01092   0.00000
   0.00000  -0.00000   0.00000  -0.00000  -0.00760   0.00000   0.02073
   occupation matrix (subspace #          37 , spin            1 )
   0.02073   0.00000   0.00760  -0.00000  -0.00000   0.00000   0.00000
   0.00000   0.05702   0.00000  -0.00000  -0.00000  -0.00000  -0.00000
   0.00760   0.00000   0.01680   0.00000   0.00000  -0.00000   0.00000
  -0.00000  -0.00000   0.00000   0.02661   0.00000   0.00000  -0.00000
  -0.00000  -0.00000   0.00000   0.00000   0.01680   0.00000  -0.00760
   0.00000  -0.00000  -0.00000   0.00000   0.00000   0.01092   0.00000
   0.00000  -0.00000   0.00000  -0.00000  -0.00760   0.00000   0.02073
   occupation matrix (subspace #          38 , spin            1 )
   0.02073   0.00000   0.00760  -0.00000  -0.00000   0.00000   0.00000
   0.00000   0.05702   0.00000  -0.00000  -0.00000  -0.00000  -0.00000
   0.00760   0.00000   0.01680   0.00000   0.00000  -0.00000   0.00000
  -0.00000  -0.00000   0.00000   0.02661   0.00000   0.00000  -0.00000
  -0.00000  -0.00000   0.00000   0.00000   0.01680   0.00000  -0.00760
   0.00000  -0.00000  -0.00000   0.00000   0.00000   0.01092   0.00000
   0.00000  -0.00000   0.00000  -0.00000  -0.00760   0.00000   0.02073
   occupation matrix (subspace #          39 , spin            1 )
   0.02073   0.00000   0.00760  -0.00000  -0.00000   0.00000   0.00000
   0.00000   0.05702   0.00000  -0.00000  -0.00000  -0.00000  -0.00000
   0.00760   0.00000   0.01680   0.00000   0.00000  -0.00000   0.00000
  -0.00000  -0.00000   0.00000   0.02661   0.00000   0.00000  -0.00000
  -0.00000  -0.00000   0.00000   0.00000   0.01680   0.00000  -0.00760
   0.00000  -0.00000  -0.00000   0.00000   0.00000   0.01092   0.00000
   0.00000  -0.00000   0.00000  -0.00000  -0.00760   0.00000   0.02073
   occupation matrix (subspace #          40 , spin            1 )
   0.02073   0.00000   0.00760  -0.00000  -0.00000   0.00000   0.00000
   0.00000   0.05702   0.00000  -0.00000  -0.00000  -0.00000  -0.00000
   0.00760   0.00000   0.01680   0.00000   0.00000  -0.00000   0.00000
  -0.00000  -0.00000   0.00000   0.02661   0.00000   0.00000  -0.00000
  -0.00000  -0.00000   0.00000   0.00000   0.01680   0.00000  -0.00760
   0.00000  -0.00000  -0.00000   0.00000   0.00000   0.01092   0.00000
   0.00000  -0.00000   0.00000  -0.00000  -0.00760   0.00000   0.02073
   occupation matrix (subspace #          41 , spin            1 )
   0.02073   0.00000   0.00760  -0.00000  -0.00000   0.00000   0.00000
   0.00000   0.05702   0.00000  -0.00000  -0.00000  -0.00000  -0.00000
   0.00760   0.00000   0.01680   0.00000   0.00000  -0.00000   0.00000
  -0.00000  -0.00000   0.00000   0.02661   0.00000   0.00000  -0.00000
  -0.00000  -0.00000   0.00000   0.00000   0.01680   0.00000  -0.00760
   0.00000  -0.00000  -0.00000   0.00000   0.00000   0.01092   0.00000
   0.00000  -0.00000   0.00000  -0.00000  -0.00760   0.00000   0.02073
   occupation matrix (subspace #          42 , spin            1 )
   0.02073   0.00000   0.00760  -0.00000  -0.00000   0.00000   0.00000
   0.00000   0.05702   0.00000  -0.00000  -0.00000  -0.00000  -0.00000
   0.00760   0.00000   0.01680   0.00000   0.00000  -0.00000   0.00000
  -0.00000  -0.00000   0.00000   0.02661   0.00000   0.00000  -0.00000
  -0.00000  -0.00000   0.00000   0.00000   0.01680   0.00000  -0.00760
   0.00000  -0.00000  -0.00000   0.00000   0.00000   0.01092   0.00000
   0.00000  -0.00000   0.00000  -0.00000  -0.00760   0.00000   0.02073
   occupation matrix (subspace #          43 , spin            1 )
   1.17542   0.00000  -0.52059  -0.00000  -0.00001
   0.00000   1.47520  -0.00000   0.55569   0.00000
  -0.52059  -0.00000   1.71138   0.00000  -0.00001
  -0.00000   0.55569   0.00000   1.47518  -0.00000
  -0.00001   0.00000  -0.00001  -0.00000   2.02442
   occupation matrix (subspace #          44 , spin            1 )
   0.02073   0.00000   0.00760  -0.00000  -0.00000   0.00000   0.00000
   0.00000   0.05702   0.00000  -0.00000  -0.00000  -0.00000  -0.00000
   0.00760   0.00000   0.01680   0.00000   0.00000  -0.00000   0.00000
  -0.00000  -0.00000   0.00000   1.00000   0.00000   0.00000  -0.00000
  -0.00000  -0.00000   0.00000   0.00000   0.01680   0.00000  -0.00760
   0.00000  -0.00000  -0.00000   0.00000   0.00000   0.01092   0.00000
   0.00000  -0.00000   0.00000  -0.00000  -0.00760   0.00000   0.02073
   occupation matrix (subspace #          45 , spin            1 )
   0.02073   0.00000   0.00760  -0.00000  -0.00000   0.00000   0.00000
   0.00000   0.05702   0.00000  -0.00000  -0.00000  -0.00000  -0.00000
   0.00760   0.00000   0.01680   0.00000   0.00000  -0.00000   0.00000
  -0.00000  -0.00000   0.00000   0.02661   0.00000   0.00000  -0.00000
  -0.00000  -0.00000   0.00000   0.00000   0.01680   0.00000  -0.00760
   0.00000  -0.00000  -0.00000   0.00000   0.00000   0.01092   0.00000
   0.00000  -0.00000   0.00000  -0.00000  -0.00760   0.00000   0.02073
   occupation matrix (subspace #          46 , spin            1 )
   0.02073   0.00000   0.00760  -0.00000  -0.00000   0.00000   0.00000
   0.00000   0.05702   0.00000  -0.00000  -0.00000  -0.00000  -0.00000
   0.00760   0.00000   0.01680   0.00000   0.00000  -0.00000   0.00000
  -0.00000  -0.00000   0.00000   0.02661   0.00000   0.00000  -0.00000
  -0.00000  -0.00000   0.00000   0.00000   0.01680   0.00000  -0.00760
   0.00000  -0.00000  -0.00000   0.00000   0.00000   0.01092   0.00000
   0.00000  -0.00000   0.00000  -0.00000  -0.00760   0.00000   0.02073
   occupation matrix (subspace #          47 , spin            1 )
   0.02073   0.00000   0.00760  -0.00000  -0.00000   0.00000   0.00000
   0.00000   0.05702   0.00000  -0.00000  -0.00000  -0.00000  -0.00000
   0.00760   0.00000   0.01680   0.00000   0.00000  -0.00000   0.00000
  -0.00000  -0.00000   0.00000   0.02661   0.00000   0.00000  -0.00000
  -0.00000  -0.00000   0.00000   0.00000   0.01680   0.00000  -0.00760
   0.00000  -0.00000  -0.00000   0.00000   0.00000   0.01092   0.00000
   0.00000  -0.00000   0.00000  -0.00000  -0.00760   0.00000   0.02073
   occupation matrix (subspace #          48 , spin            1 )
   0.02073   0.00000   0.00760  -0.00000  -0.00000   0.00000   0.00000
   0.00000   0.05702   0.00000  -0.00000  -0.00000  -0.00000  -0.00000
   0.00760   0.00000   0.01680   0.00000   0.00000  -0.00000   0.00000
  -0.00000  -0.00000   0.00000   1.00000   0.00000   0.00000  -0.00000
  -0.00000  -0.00000   0.00000   0.00000   0.01680   0.00000  -0.00760
   0.00000  -0.00000  -0.00000   0.00000   0.00000   0.01092   0.00000
   0.00000  -0.00000   0.00000  -0.00000  -0.00760   0.00000   0.02073
