   occupation matrix (subspace #           1 , spin            1 )
   0.02072   0.00000   0.00761   0.00000  -0.00000  -0.00000   0.00000
   0.00000   0.05711  -0.00000  -0.00000   0.00000  -0.00000  -0.00000
   0.00761  -0.00000   0.01680   0.00000   0.00000  -0.00000   0.00000
   0.00000  -0.00000   0.00000   0.02666  -0.00000   0.00002  -0.00000
  -0.00000   0.00000   0.00000  -0.00000   0.01682  -0.00000  -0.00764
  -0.00000  -0.00000  -0.00000   0.00002  -0.00000   0.01091   0.00000
   0.00000  -0.00000   0.00000  -0.00000  -0.00764   0.00000   0.02080
   occupation matrix (subspace #           2 , spin            1 )
   0.02077   0.00035   0.00768   0.00025  -0.00019  -0.00006   0.00018
   0.00035   0.05715   0.00001  -0.00060   0.00001  -0.00000  -0.00035
   0.00768   0.00001   0.01687  -0.00000  -0.00033   0.00002   0.00019
   0.00025  -0.00060  -0.00000   0.02653  -0.00000  -0.00000  -0.00025
  -0.00019   0.00001  -0.00033  -0.00000   0.01687  -0.00002  -0.00768
  -0.00006  -0.00000   0.00002  -0.00000  -0.00002   0.01089  -0.00006
   0.00018  -0.00035   0.00019  -0.00025  -0.00768  -0.00006   0.02077
   occupation matrix (subspace #           3 , spin            1 )
   0.02075   0.00000   0.00763  -0.00000  -0.00000   0.00000   0.00000
   0.00000   0.05694   0.00000  -0.00000  -0.00000   0.00000   0.00000
   0.00763   0.00000   0.01680  -0.00000  -0.00000   0.00000   0.00000
  -0.00000  -0.00000  -0.00000   0.02666   0.00000   0.00000  -0.00000
  -0.00000  -0.00000  -0.00000   0.00000   0.01680  -0.00000  -0.00763
   0.00000   0.00000   0.00000   0.00000  -0.00000   0.01089  -0.00000
   0.00000   0.00000   0.00000  -0.00000  -0.00763  -0.00000   0.02075
   occupation matrix (subspace #           4 , spin            1 )
   0.02080   0.00000   0.00764  -0.00000  -0.00000   0.00000  -0.00000
   0.00000   0.05711   0.00000   0.00000  -0.00000   0.00000  -0.00000
   0.00764   0.00000   0.01682  -0.00000  -0.00000   0.00000  -0.00000
  -0.00000   0.00000  -0.00000   0.02666   0.00000  -0.00002  -0.00000
  -0.00000  -0.00000  -0.00000   0.00000   0.01680  -0.00000  -0.00761
   0.00000   0.00000   0.00000  -0.00002  -0.00000   0.01091  -0.00000
  -0.00000  -0.00000  -0.00000  -0.00000  -0.00761  -0.00000   0.02072
   occupation matrix (subspace #           5 , spin            1 )
   0.02066   0.00098   0.00757   0.00000  -0.00000  -0.00000   0.00000
   0.00098   0.05717   0.00072  -0.00000   0.00000   0.00000  -0.00000
   0.00757   0.00072   0.01675   0.00000  -0.00000  -0.00000   0.00000
   0.00000  -0.00000   0.00000   0.02679   0.00030   0.00004  -0.00080
  -0.00000   0.00000  -0.00000   0.00030   0.01679   0.00000  -0.00769
  -0.00000   0.00000  -0.00000   0.00004   0.00000   0.01086  -0.00030
   0.00000  -0.00000   0.00000  -0.00080  -0.00769  -0.00030   0.02084
   occupation matrix (subspace #           6 , spin            1 )
   0.02124  -0.00000   0.00727  -0.00000  -0.00018   0.00000  -0.00041
  -0.00000   0.05815  -0.00000   0.00052  -0.00000   0.00000   0.00000
   0.00727  -0.00000   0.01546   0.00000  -0.00124   0.00000   0.00018
  -0.00000   0.00052   0.00000   0.02795   0.00000  -0.00000   0.00000
  -0.00018  -0.00000  -0.00124   0.00000   0.01546   0.00000  -0.00727
   0.00000   0.00000   0.00000  -0.00000   0.00000   0.01113   0.00000
  -0.00041   0.00000   0.00018   0.00000  -0.00727   0.00000   0.02124
   occupation matrix (subspace #           7 , spin            1 )
   0.02079  -0.00000   0.00765  -0.00000  -0.00000   0.00000   0.00000
  -0.00000   0.05733  -0.00000  -0.00000  -0.00000   0.00000   0.00000
   0.00765  -0.00000   0.01691  -0.00000  -0.00000   0.00000   0.00000
  -0.00000  -0.00000  -0.00000   0.02660  -0.00000  -0.00000   0.00000
  -0.00000  -0.00000  -0.00000  -0.00000   0.01691  -0.00000  -0.00765
   0.00000   0.00000   0.00000  -0.00000  -0.00000   0.01102   0.00000
   0.00000   0.00000   0.00000   0.00000  -0.00765   0.00000   0.02079
   occupation matrix (subspace #           8 , spin            1 )
   0.02084   0.00000   0.00769   0.00080  -0.00000  -0.00030   0.00000
   0.00000   0.05717   0.00000  -0.00000   0.00072  -0.00000  -0.00098
   0.00769   0.00000   0.01679   0.00030  -0.00000  -0.00000   0.00000
   0.00080  -0.00000   0.00030   0.02679   0.00000  -0.00004  -0.00000
  -0.00000   0.00072  -0.00000   0.00000   0.01675   0.00000  -0.00757
  -0.00030  -0.00000  -0.00000  -0.00004   0.00000   0.01086  -0.00000
   0.00000  -0.00098   0.00000  -0.00000  -0.00757  -0.00000   0.02066
   occupation matrix (subspace #           9 , spin            1 )
   0.02066  -0.00098   0.00757  -0.00000   0.00000   0.00000  -0.00000
  -0.00098   0.05717  -0.00072   0.00000  -0.00000  -0.00000   0.00000
   0.00757  -0.00072   0.01675   0.00000   0.00000  -0.00000  -0.00000
  -0.00000   0.00000   0.00000   0.02679  -0.00030   0.00004   0.00080
   0.00000  -0.00000   0.00000  -0.00030   0.01679  -0.00000  -0.00769
   0.00000  -0.00000  -0.00000   0.00004  -0.00000   0.01086   0.00030
  -0.00000   0.00000  -0.00000   0.00080  -0.00769   0.00030   0.02084
   occupation matrix (subspace #          10 , spin            1 )
   0.02077  -0.00035   0.00768  -0.00025  -0.00019   0.00006   0.00018
  -0.00035   0.05715  -0.00001  -0.00060  -0.00001  -0.00000   0.00035
   0.00768  -0.00001   0.01687   0.00000  -0.00033  -0.00002   0.00019
  -0.00025  -0.00060   0.00000   0.02653   0.00000  -0.00000   0.00025
  -0.00019  -0.00001  -0.00033   0.00000   0.01687   0.00002  -0.00768
   0.00006  -0.00000  -0.00002  -0.00000   0.00002   0.01089   0.00006
   0.00018   0.00035   0.00019   0.00025  -0.00768   0.00006   0.02077
   occupation matrix (subspace #          11 , spin            1 )
   0.02075   0.00000   0.00763   0.00000  -0.00000  -0.00000   0.00000
   0.00000   0.05694   0.00000  -0.00000  -0.00000   0.00000   0.00000
   0.00763   0.00000   0.01680   0.00000  -0.00000   0.00000   0.00000
   0.00000  -0.00000   0.00000   0.02666   0.00000   0.00000  -0.00000
  -0.00000  -0.00000  -0.00000   0.00000   0.01680  -0.00000  -0.00763
  -0.00000   0.00000   0.00000   0.00000  -0.00000   0.01089  -0.00000
   0.00000   0.00000   0.00000  -0.00000  -0.00763  -0.00000   0.02075
   occupation matrix (subspace #          12 , spin            1 )
   0.02084   0.00000   0.00769  -0.00080   0.00000   0.00030  -0.00000
   0.00000   0.05717   0.00000   0.00000  -0.00072   0.00000   0.00098
   0.00769   0.00000   0.01679  -0.00030   0.00000   0.00000  -0.00000
  -0.00080   0.00000  -0.00030   0.02679   0.00000  -0.00004  -0.00000
   0.00000  -0.00072   0.00000   0.00000   0.01675   0.00000  -0.00757
   0.00030   0.00000   0.00000  -0.00004   0.00000   0.01086  -0.00000
  -0.00000   0.00098  -0.00000  -0.00000  -0.00757  -0.00000   0.02066
   occupation matrix (subspace #          13 , spin            1 )
   0.02085  -0.00000   0.00775  -0.00000   0.00000   0.00000  -0.00000
  -0.00000   0.05728  -0.00000   0.00000  -0.00000  -0.00000   0.00000
   0.00775  -0.00000   0.01705  -0.00000   0.00000   0.00000  -0.00000
  -0.00000   0.00000  -0.00000   0.02628  -0.00000  -0.00004   0.00000
   0.00000  -0.00000   0.00000  -0.00000   0.01701   0.00000  -0.00772
   0.00000  -0.00000   0.00000  -0.00004   0.00000   0.01092   0.00000
  -0.00000   0.00000  -0.00000   0.00000  -0.00772   0.00000   0.02068
   occupation matrix (subspace #          14 , spin            1 )
   0.02077   0.00035   0.00768  -0.00025   0.00019   0.00006  -0.00018
   0.00035   0.05715   0.00001   0.00060  -0.00001   0.00000   0.00035
   0.00768   0.00001   0.01687   0.00000   0.00033  -0.00002  -0.00019
  -0.00025   0.00060   0.00000   0.02653  -0.00000   0.00000  -0.00025
   0.00019  -0.00001   0.00033  -0.00000   0.01687  -0.00002  -0.00768
   0.00006   0.00000  -0.00002   0.00000  -0.00002   0.01089  -0.00006
  -0.00018   0.00035  -0.00019  -0.00025  -0.00768  -0.00006   0.02077
   occupation matrix (subspace #          15 , spin            1 )
   0.02079   0.00000   0.00760   0.00000  -0.00000  -0.00000   0.00000
   0.00000   0.05721   0.00000  -0.00000   0.00000   0.00000   0.00000
   0.00760   0.00000   0.01686   0.00000  -0.00000  -0.00000   0.00000
   0.00000  -0.00000   0.00000   0.02666   0.00000   0.00000  -0.00000
  -0.00000   0.00000  -0.00000   0.00000   0.01684  -0.00000  -0.00763
  -0.00000   0.00000  -0.00000   0.00000  -0.00000   0.01092  -0.00000
   0.00000   0.00000   0.00000  -0.00000  -0.00763  -0.00000   0.02079
   occupation matrix (subspace #          16 , spin            1 )
   0.02080   0.00000   0.00764  -0.00000   0.00000   0.00000  -0.00000
   0.00000   0.05711   0.00000  -0.00000   0.00000   0.00000   0.00000
   0.00764   0.00000   0.01682   0.00000   0.00000  -0.00000  -0.00000
  -0.00000  -0.00000   0.00000   0.02666   0.00000  -0.00002  -0.00000
   0.00000   0.00000   0.00000   0.00000   0.01680  -0.00000  -0.00761
   0.00000   0.00000  -0.00000  -0.00002  -0.00000   0.01091  -0.00000
  -0.00000   0.00000  -0.00000  -0.00000  -0.00761  -0.00000   0.02072
   occupation matrix (subspace #          17 , spin            1 )
   0.02152  -0.00013   0.00802  -0.00000   0.00000   0.00000  -0.00000
  -0.00013   0.05807  -0.00022   0.00000  -0.00000   0.00000   0.00000
   0.00802  -0.00022   0.01729  -0.00000   0.00000   0.00000  -0.00000
  -0.00000   0.00000  -0.00000   0.02633  -0.00034  -0.00093  -0.00118
   0.00000  -0.00000   0.00000  -0.00034   0.01725   0.00015  -0.00772
   0.00000   0.00000   0.00000  -0.00093   0.00015   0.01058  -0.00104
  -0.00000   0.00000  -0.00000  -0.00118  -0.00772  -0.00104   0.01946
   occupation matrix (subspace #          18 , spin            1 )
   0.02124  -0.00000   0.00727   0.00000   0.00018  -0.00000   0.00041
  -0.00000   0.05815  -0.00000  -0.00052   0.00000  -0.00000  -0.00000
   0.00727  -0.00000   0.01546  -0.00000   0.00124  -0.00000  -0.00018
   0.00000  -0.00052  -0.00000   0.02795   0.00000  -0.00000  -0.00000
   0.00018   0.00000   0.00124   0.00000   0.01546   0.00000  -0.00727
  -0.00000  -0.00000  -0.00000  -0.00000   0.00000   0.01113  -0.00000
   0.00041  -0.00000  -0.00018  -0.00000  -0.00727  -0.00000   0.02124
   occupation matrix (subspace #          19 , spin            1 )
   0.02150  -0.00000   0.00748   0.00000   0.00000  -0.00000  -0.00000
  -0.00000   0.05791  -0.00000   0.00000   0.00000   0.00000  -0.00000
   0.00748  -0.00000   0.01673   0.00000   0.00000   0.00000  -0.00000
   0.00000   0.00000   0.00000   0.02707  -0.00000  -0.00041   0.00000
   0.00000   0.00000   0.00000  -0.00000   0.01637  -0.00000  -0.00656
  -0.00000   0.00000   0.00000  -0.00041  -0.00000   0.01130   0.00000
  -0.00000  -0.00000  -0.00000   0.00000  -0.00656   0.00000   0.01982
   occupation matrix (subspace #          20 , spin            1 )
   0.02084   0.00000   0.00769  -0.00080   0.00000   0.00030  -0.00000
   0.00000   0.05717   0.00000   0.00000  -0.00072   0.00000   0.00098
   0.00769   0.00000   0.01679  -0.00030   0.00000   0.00000  -0.00000
  -0.00080   0.00000  -0.00030   0.02679   0.00000  -0.00004  -0.00000
   0.00000  -0.00072   0.00000   0.00000   0.01675   0.00000  -0.00757
   0.00030   0.00000   0.00000  -0.00004   0.00000   0.01086  -0.00000
  -0.00000   0.00098  -0.00000  -0.00000  -0.00757  -0.00000   0.02066
   occupation matrix (subspace #          21 , spin            1 )
   0.02152   0.00013   0.00802  -0.00000  -0.00000   0.00000  -0.00000
   0.00013   0.05807   0.00022  -0.00000  -0.00000  -0.00000   0.00000
   0.00802   0.00022   0.01729  -0.00000  -0.00000  -0.00000   0.00000
  -0.00000  -0.00000  -0.00000   0.02633   0.00034  -0.00093   0.00118
  -0.00000  -0.00000  -0.00000   0.00034   0.01725  -0.00015  -0.00772
   0.00000  -0.00000  -0.00000  -0.00093  -0.00015   0.01058   0.00104
  -0.00000   0.00000   0.00000   0.00118  -0.00772   0.00104   0.01946
   occupation matrix (subspace #          22 , spin            1 )
   0.02077  -0.00035   0.00768   0.00025   0.00019  -0.00006  -0.00018
  -0.00035   0.05715  -0.00001   0.00060   0.00001   0.00000  -0.00035
   0.00768  -0.00001   0.01687  -0.00000   0.00033   0.00002  -0.00019
   0.00025   0.00060  -0.00000   0.02653   0.00000  -0.00000   0.00025
   0.00019   0.00001   0.00033   0.00000   0.01687   0.00002  -0.00768
  -0.00006   0.00000   0.00002  -0.00000   0.00002   0.01089   0.00006
  -0.00018  -0.00035  -0.00019   0.00025  -0.00768   0.00006   0.02077
   occupation matrix (subspace #          23 , spin            1 )
   0.02079  -0.00000   0.00760  -0.00000  -0.00000   0.00000   0.00000
  -0.00000   0.05721   0.00000  -0.00000  -0.00000  -0.00000   0.00000
   0.00760   0.00000   0.01686  -0.00000  -0.00000  -0.00000   0.00000
  -0.00000  -0.00000  -0.00000   0.02666  -0.00000   0.00000  -0.00000
  -0.00000  -0.00000  -0.00000  -0.00000   0.01684  -0.00000  -0.00763
   0.00000  -0.00000  -0.00000   0.00000  -0.00000   0.01092  -0.00000
   0.00000   0.00000   0.00000  -0.00000  -0.00763  -0.00000   0.02079
   occupation matrix (subspace #          24 , spin            1 )
   0.02084   0.00000   0.00769   0.00080  -0.00000  -0.00030   0.00000
   0.00000   0.05717   0.00000  -0.00000   0.00072  -0.00000  -0.00098
   0.00769   0.00000   0.01679   0.00030  -0.00000  -0.00000   0.00000
   0.00080  -0.00000   0.00030   0.02679   0.00000  -0.00004  -0.00000
  -0.00000   0.00072  -0.00000   0.00000   0.01675   0.00000  -0.00757
  -0.00030  -0.00000  -0.00000  -0.00004   0.00000   0.01086  -0.00000
   0.00000  -0.00098   0.00000  -0.00000  -0.00757  -0.00000   0.02066
   occupation matrix (subspace #          25 , spin            1 )
   0.02072   0.00000   0.00761   0.00000  -0.00000  -0.00000   0.00000
   0.00000   0.05711   0.00000  -0.00000   0.00000   0.00000  -0.00000
   0.00761   0.00000   0.01680   0.00000  -0.00000   0.00000  -0.00000
   0.00000  -0.00000   0.00000   0.02666   0.00000   0.00002  -0.00000
  -0.00000   0.00000  -0.00000   0.00000   0.01682   0.00000  -0.00764
  -0.00000   0.00000   0.00000   0.00002   0.00000   0.01091  -0.00000
   0.00000  -0.00000  -0.00000  -0.00000  -0.00764  -0.00000   0.02080
   occupation matrix (subspace #          26 , spin            1 )
   0.02077  -0.00035   0.00768   0.00025   0.00019  -0.00006  -0.00018
  -0.00035   0.05715  -0.00001   0.00060   0.00001   0.00000  -0.00035
   0.00768  -0.00001   0.01687  -0.00000   0.00033   0.00002  -0.00019
   0.00025   0.00060  -0.00000   0.02653   0.00000  -0.00000   0.00025
   0.00019   0.00001   0.00033   0.00000   0.01687   0.00002  -0.00768
  -0.00006   0.00000   0.00002  -0.00000   0.00002   0.01089   0.00006
  -0.00018  -0.00035  -0.00019   0.00025  -0.00768   0.00006   0.02077
   occupation matrix (subspace #          27 , spin            1 )
   0.02079  -0.00000   0.00763   0.00000   0.00000  -0.00000  -0.00000
  -0.00000   0.05721  -0.00000   0.00000  -0.00000  -0.00000   0.00000
   0.00763  -0.00000   0.01684  -0.00000   0.00000   0.00000  -0.00000
   0.00000   0.00000  -0.00000   0.02666  -0.00000  -0.00000   0.00000
   0.00000  -0.00000   0.00000  -0.00000   0.01686   0.00000  -0.00760
  -0.00000  -0.00000   0.00000  -0.00000   0.00000   0.01092   0.00000
  -0.00000   0.00000  -0.00000   0.00000  -0.00760   0.00000   0.02079
   occupation matrix (subspace #          28 , spin            1 )
   0.02068  -0.00000   0.00772   0.00000   0.00000   0.00000  -0.00000
  -0.00000   0.05728  -0.00000   0.00000  -0.00000  -0.00000  -0.00000
   0.00772  -0.00000   0.01701   0.00000   0.00000  -0.00000  -0.00000
   0.00000   0.00000   0.00000   0.02628  -0.00000   0.00004   0.00000
   0.00000  -0.00000   0.00000  -0.00000   0.01705   0.00000  -0.00775
   0.00000  -0.00000  -0.00000   0.00004   0.00000   0.01092   0.00000
  -0.00000  -0.00000  -0.00000   0.00000  -0.00775   0.00000   0.02085
   occupation matrix (subspace #          29 , spin            1 )
   0.02066  -0.00098   0.00757   0.00000  -0.00000   0.00000  -0.00000
  -0.00098   0.05717  -0.00072  -0.00000   0.00000  -0.00000  -0.00000
   0.00757  -0.00072   0.01675   0.00000   0.00000  -0.00000   0.00000
   0.00000  -0.00000   0.00000   0.02679  -0.00030   0.00004   0.00080
  -0.00000   0.00000   0.00000  -0.00030   0.01679  -0.00000  -0.00769
   0.00000  -0.00000  -0.00000   0.00004  -0.00000   0.01086   0.00030
  -0.00000  -0.00000   0.00000   0.00080  -0.00769   0.00030   0.02084
   occupation matrix (subspace #          30 , spin            1 )
   0.02124  -0.00000   0.00727   0.00000   0.00018  -0.00000   0.00041
  -0.00000   0.05815  -0.00000  -0.00052   0.00000  -0.00000  -0.00000
   0.00727  -0.00000   0.01546   0.00000   0.00124  -0.00000  -0.00018
   0.00000  -0.00052   0.00000   0.02795  -0.00000  -0.00000   0.00000
   0.00018   0.00000   0.00124  -0.00000   0.01546   0.00000  -0.00727
  -0.00000  -0.00000  -0.00000  -0.00000   0.00000   0.01113  -0.00000
   0.00041  -0.00000  -0.00018   0.00000  -0.00727  -0.00000   0.02124
   occupation matrix (subspace #          31 , spin            1 )
   0.01982   0.00000   0.00656  -0.00000   0.00000   0.00000  -0.00000
   0.00000   0.05791   0.00000   0.00000  -0.00000  -0.00000   0.00000
   0.00656   0.00000   0.01637  -0.00000   0.00000  -0.00000  -0.00000
  -0.00000   0.00000  -0.00000   0.02707   0.00000   0.00041  -0.00000
   0.00000  -0.00000   0.00000   0.00000   0.01673  -0.00000  -0.00748
   0.00000  -0.00000  -0.00000   0.00041  -0.00000   0.01130  -0.00000
  -0.00000   0.00000  -0.00000  -0.00000  -0.00748  -0.00000   0.02150
   occupation matrix (subspace #          32 , spin            1 )
   0.01946  -0.00000   0.00772   0.00118   0.00000  -0.00104  -0.00000
  -0.00000   0.05807  -0.00000   0.00000  -0.00022  -0.00000   0.00013
   0.00772  -0.00000   0.01725  -0.00034   0.00000  -0.00015  -0.00000
   0.00118   0.00000  -0.00034   0.02633  -0.00000   0.00093   0.00000
   0.00000  -0.00022   0.00000  -0.00000   0.01729  -0.00000  -0.00802
  -0.00104  -0.00000  -0.00015   0.00093  -0.00000   0.01058   0.00000
  -0.00000   0.00013  -0.00000   0.00000  -0.00802   0.00000   0.02152
   occupation matrix (subspace #          33 , spin            1 )
   0.02066   0.00098   0.00757   0.00000  -0.00000   0.00000   0.00000
   0.00098   0.05717   0.00072  -0.00000   0.00000   0.00000   0.00000
   0.00757   0.00072   0.01675   0.00000  -0.00000  -0.00000   0.00000
   0.00000  -0.00000   0.00000   0.02679   0.00030   0.00004  -0.00080
  -0.00000   0.00000  -0.00000   0.00030   0.01679   0.00000  -0.00769
   0.00000   0.00000  -0.00000   0.00004   0.00000   0.01086  -0.00030
   0.00000   0.00000   0.00000  -0.00080  -0.00769  -0.00030   0.02084
   occupation matrix (subspace #          34 , spin            1 )
   0.02077   0.00035   0.00768  -0.00025   0.00019   0.00006  -0.00018
   0.00035   0.05715   0.00001   0.00060  -0.00001   0.00000   0.00035
   0.00768   0.00001   0.01687   0.00000   0.00033  -0.00002  -0.00019
  -0.00025   0.00060   0.00000   0.02653  -0.00000   0.00000  -0.00025
   0.00019  -0.00001   0.00033  -0.00000   0.01687  -0.00002  -0.00768
   0.00006   0.00000  -0.00002   0.00000  -0.00002   0.01089  -0.00006
  -0.00018   0.00035  -0.00019  -0.00025  -0.00768  -0.00006   0.02077
   occupation matrix (subspace #          35 , spin            1 )
   0.02079  -0.00000   0.00763   0.00000   0.00000  -0.00000  -0.00000
  -0.00000   0.05721  -0.00000   0.00000  -0.00000   0.00000   0.00000
   0.00763  -0.00000   0.01684   0.00000   0.00000   0.00000  -0.00000
   0.00000   0.00000   0.00000   0.02666  -0.00000  -0.00000   0.00000
   0.00000  -0.00000   0.00000  -0.00000   0.01686   0.00000  -0.00760
  -0.00000   0.00000   0.00000  -0.00000   0.00000   0.01092   0.00000
  -0.00000   0.00000  -0.00000   0.00000  -0.00760   0.00000   0.02079
   occupation matrix (subspace #          36 , spin            1 )
   0.01946  -0.00000   0.00772  -0.00118  -0.00000   0.00104  -0.00000
  -0.00000   0.05807  -0.00000  -0.00000   0.00022   0.00000  -0.00013
   0.00772  -0.00000   0.01725   0.00034  -0.00000   0.00015   0.00000
  -0.00118  -0.00000   0.00034   0.02633  -0.00000   0.00093   0.00000
  -0.00000   0.00022  -0.00000  -0.00000   0.01729   0.00000  -0.00802
   0.00104   0.00000   0.00015   0.00093   0.00000   0.01058   0.00000
  -0.00000  -0.00013   0.00000   0.00000  -0.00802   0.00000   0.02152
   occupation matrix (subspace #          37 , spin            1 )
   0.02085   0.00000   0.00775  -0.00000  -0.00000   0.00000  -0.00000
   0.00000   0.05728   0.00000  -0.00000  -0.00000   0.00000   0.00000
   0.00775   0.00000   0.01705  -0.00000  -0.00000   0.00000   0.00000
  -0.00000  -0.00000  -0.00000   0.02628   0.00000  -0.00004  -0.00000
  -0.00000  -0.00000  -0.00000   0.00000   0.01701  -0.00000  -0.00772
   0.00000   0.00000   0.00000  -0.00004  -0.00000   0.01092  -0.00000
  -0.00000   0.00000   0.00000  -0.00000  -0.00772  -0.00000   0.02068
   occupation matrix (subspace #          38 , spin            1 )
   0.02077  -0.00035   0.00768  -0.00025  -0.00019   0.00006   0.00018
  -0.00035   0.05715  -0.00001  -0.00060  -0.00001  -0.00000   0.00035
   0.00768  -0.00001   0.01687   0.00000  -0.00033  -0.00002   0.00019
  -0.00025  -0.00060   0.00000   0.02653   0.00000   0.00000   0.00025
  -0.00019  -0.00001  -0.00033   0.00000   0.01687   0.00002  -0.00768
   0.00006  -0.00000  -0.00002   0.00000   0.00002   0.01089   0.00006
   0.00018   0.00035   0.00019   0.00025  -0.00768   0.00006   0.02077
   occupation matrix (subspace #          39 , spin            1 )
   0.02075  -0.00000   0.00770  -0.00000  -0.00000   0.00000   0.00000
  -0.00000   0.05757  -0.00000  -0.00000  -0.00000  -0.00000   0.00000
   0.00770  -0.00000   0.01728  -0.00000  -0.00000  -0.00000   0.00000
  -0.00000  -0.00000  -0.00000   0.02562  -0.00000   0.00000   0.00000
  -0.00000  -0.00000  -0.00000  -0.00000   0.01728   0.00000  -0.00770
   0.00000  -0.00000  -0.00000   0.00000   0.00000   0.01112   0.00000
   0.00000   0.00000   0.00000   0.00000  -0.00770   0.00000   0.02075
   occupation matrix (subspace #          40 , spin            1 )
   0.02068  -0.00000   0.00772   0.00000  -0.00000   0.00000   0.00000
  -0.00000   0.05728  -0.00000  -0.00000  -0.00000  -0.00000  -0.00000
   0.00772  -0.00000   0.01701  -0.00000  -0.00000   0.00000   0.00000
   0.00000  -0.00000  -0.00000   0.02628  -0.00000   0.00004   0.00000
  -0.00000  -0.00000  -0.00000  -0.00000   0.01705   0.00000  -0.00775
   0.00000  -0.00000   0.00000   0.00004   0.00000   0.01092   0.00000
   0.00000  -0.00000   0.00000   0.00000  -0.00775   0.00000   0.02085
   occupation matrix (subspace #          41 , spin            1 )
   0.02152   0.00013   0.00802   0.00000  -0.00000   0.00000  -0.00000
   0.00013   0.05807   0.00022  -0.00000  -0.00000  -0.00000   0.00000
   0.00802   0.00022   0.01729  -0.00000  -0.00000  -0.00000   0.00000
   0.00000  -0.00000  -0.00000   0.02633   0.00034  -0.00093   0.00118
  -0.00000  -0.00000  -0.00000   0.00034   0.01725  -0.00015  -0.00772
   0.00000  -0.00000  -0.00000  -0.00093  -0.00015   0.01058   0.00104
  -0.00000   0.00000   0.00000   0.00118  -0.00772   0.00104   0.01946
   occupation matrix (subspace #          42 , spin            1 )
   0.02124  -0.00000   0.00727  -0.00000  -0.00018   0.00000  -0.00041
  -0.00000   0.05815  -0.00000   0.00052  -0.00000   0.00000   0.00000
   0.00727  -0.00000   0.01546   0.00000  -0.00124   0.00000   0.00018
  -0.00000   0.00052   0.00000   0.02795  -0.00000  -0.00000   0.00000
  -0.00018  -0.00000  -0.00124  -0.00000   0.01546  -0.00000  -0.00727
   0.00000   0.00000   0.00000  -0.00000  -0.00000   0.01113   0.00000
  -0.00041   0.00000   0.00018   0.00000  -0.00727   0.00000   0.02124
   occupation matrix (subspace #          43 , spin            1 )
   1.38091   0.00003   0.00000   0.00002   0.00000
   0.00003   1.37785   0.00000  -0.00001  -0.00001
   0.00000   0.00000   2.01416   0.00001  -0.00000
   0.00002  -0.00001   0.00001   1.37786   0.00001
   0.00000  -0.00001  -0.00000   0.00001   2.01419
   occupation matrix (subspace #          44 , spin            1 )
   0.01946  -0.00000   0.00772  -0.00118  -0.00000   0.00104  -0.00000
  -0.00000   0.05807  -0.00000  -0.00000   0.00022   0.00000  -0.00013
   0.00772  -0.00000   0.01725   0.00034  -0.00000   0.00015   0.00000
  -0.00118  -0.00000   0.00034   0.02633  -0.00000   0.00093   0.00000
  -0.00000   0.00022  -0.00000  -0.00000   0.01729   0.00000  -0.00802
   0.00104   0.00000   0.00015   0.00093   0.00000   0.01058   0.00000
  -0.00000  -0.00013   0.00000   0.00000  -0.00802   0.00000   0.02152
   occupation matrix (subspace #          45 , spin            1 )
   0.02152  -0.00013   0.00802  -0.00000   0.00000   0.00000  -0.00000
  -0.00013   0.05807  -0.00022   0.00000  -0.00000   0.00000   0.00000
   0.00802  -0.00022   0.01729  -0.00000   0.00000   0.00000  -0.00000
  -0.00000   0.00000  -0.00000   0.02633  -0.00034  -0.00093  -0.00118
   0.00000  -0.00000   0.00000  -0.00034   0.01725   0.00015  -0.00772
   0.00000   0.00000   0.00000  -0.00093   0.00015   0.01058  -0.00104
  -0.00000   0.00000  -0.00000  -0.00118  -0.00772  -0.00104   0.01946
   occupation matrix (subspace #          46 , spin            1 )
   0.02077   0.00035   0.00768   0.00025  -0.00019  -0.00006   0.00018
   0.00035   0.05715   0.00001  -0.00060   0.00001  -0.00000  -0.00035
   0.00768   0.00001   0.01687  -0.00000  -0.00033   0.00002   0.00019
   0.00025  -0.00060  -0.00000   0.02653  -0.00000   0.00000  -0.00025
  -0.00019   0.00001  -0.00033  -0.00000   0.01687  -0.00002  -0.00768
  -0.00006  -0.00000   0.00002   0.00000  -0.00002   0.01089  -0.00006
   0.00018  -0.00035   0.00019  -0.00025  -0.00768  -0.00006   0.02077
   occupation matrix (subspace #          47 , spin            1 )
   0.02075  -0.00000   0.00770  -0.00000  -0.00000   0.00000   0.00000
  -0.00000   0.05757  -0.00000  -0.00000  -0.00000   0.00000   0.00000
   0.00770  -0.00000   0.01728  -0.00000  -0.00000  -0.00000   0.00000
  -0.00000  -0.00000  -0.00000   0.02562  -0.00000   0.00000   0.00000
  -0.00000  -0.00000  -0.00000  -0.00000   0.01728   0.00000  -0.00770
   0.00000   0.00000  -0.00000   0.00000   0.00000   0.01112   0.00000
   0.00000   0.00000   0.00000   0.00000  -0.00770   0.00000   0.02075
   occupation matrix (subspace #          48 , spin            1 )
   0.01946  -0.00000   0.00772   0.00118   0.00000  -0.00104  -0.00000
  -0.00000   0.05807  -0.00000   0.00000  -0.00022  -0.00000   0.00013
   0.00772  -0.00000   0.01725  -0.00034   0.00000  -0.00015  -0.00000
   0.00118   0.00000  -0.00034   0.02633  -0.00000   0.00093   0.00000
   0.00000  -0.00022   0.00000  -0.00000   0.01729  -0.00000  -0.00802
  -0.00104  -0.00000  -0.00015   0.00093  -0.00000   0.01058   0.00000
  -0.00000   0.00013  -0.00000   0.00000  -0.00802   0.00000   0.02152
