   occupation matrix (subspace #           1 , spin            1 )
   0.16153   0.00000   0.05397  -0.00000   0.00000
   0.00000   0.16050   0.00000  -0.06366  -0.00000
   0.05397   0.00000   0.10509   0.00000   0.00000
  -0.00000  -0.06366   0.00000   0.16050  -0.00000
   0.00000  -0.00000   0.00000  -0.00000   0.10207
   occupation matrix (subspace #           2 , spin            1 )
   0.16153   0.00000  -0.05397   0.00000  -0.00000
   0.00000   0.16050  -0.00000   0.06366   0.00000
  -0.05397  -0.00000   0.10509   0.00000   0.00000
   0.00000   0.06366   0.00000   0.16050  -0.00000
  -0.00000   0.00000   0.00000  -0.00000   0.10207
   occupation matrix (subspace #           3 , spin            1 )
   1.67022   0.00000  -0.04763
   0.00000   1.63222   0.00000
  -0.04763   0.00000   1.67022
   occupation matrix (subspace #           4 , spin            1 )
   1.67022  -0.00000  -0.04763
  -0.00000   1.63222  -0.00000
  -0.04763  -0.00000   1.67022
   occupation matrix (subspace #           5 , spin            1 )
   1.67022  -0.00000   0.04763
  -0.00000   1.63222   0.00000
   0.04763   0.00000   1.67022
   occupation matrix (subspace #           6 , spin            1 )
   1.67022   0.00000   0.04763
   0.00000   1.63222  -0.00000
   0.04763  -0.00000   1.67022
